$basis
*
n cc-pVQZ
# n     (21s6p3d2f1g) / [5s4p3d2f1g]     {99111/3111/111/11/1}
*
   9  s
  45840.000000      0.92000000000E-04
  6868.0000000      0.71700000000E-03
  1563.0000000      0.37490000000E-02
  442.40000000      0.15532000000E-01
  144.30000000      0.53146000000E-01
  52.180000000      0.14678700000
  20.340000000      0.30466300000
  8.3810000000      0.39768400000
  3.5290000000      0.21764100000
   9  s
  45840.000000     -0.20000000000E-04
  6868.0000000     -0.15900000000E-03
  1563.0000000     -0.82400000000E-03
  442.40000000     -0.34780000000E-02
  144.30000000     -0.11966000000E-01
  52.180000000     -0.35388000000E-01
  20.340000000     -0.80077000000E-01
  8.3810000000     -0.14672200000
  3.5290000000     -0.11636000000
   1  s
  1.0540000000       1.0000000000
   1  s
 0.41180000000       1.0000000000
   1  s
 0.15520000000       1.0000000000
   3  p
  49.330000000      0.55330000000E-02
  11.370000000      0.37962000000E-01
  3.4350000000      0.14902800000
   1  p
  1.1820000000       1.0000000000
   1  p
 0.41730000000       1.0000000000
   1  p
 0.14280000000       1.0000000000
   1  d
  2.8370000000       1.0000000000
   1  d
 0.96800000000       1.0000000000
   1  d
 0.33500000000       1.0000000000
   1  f
  2.0270000000       1.0000000000
   1  f
 0.68500000000       1.0000000000
   1  g
  1.4270000000       1.0000000000
*
h cc-pVQZ
# h     (6s3p2d1f) / [4s3p2d1f]     {3111/111/11/1}
*
   3  s
  82.640000000      0.20060000000E-02
  12.410000000      0.15343000000E-01
  2.8240000000      0.75579000000E-01
   1  s
 0.79770000000       1.0000000000
   1  s
 0.25810000000       1.0000000000
   1  s
 0.89890000000E-01   1.0000000000
   1  p
  2.2920000000       1.0000000000
   1  p
 0.83800000000       1.0000000000
   1  p
 0.29200000000       1.0000000000
   1  d
  2.0620000000       1.0000000000
   1  d
 0.66200000000       1.0000000000
   1  f
  1.3970000000       1.0000000000
*
c cc-pVQZ
# c     (21s6p3d2f1g) / [5s4p3d2f1g]     {99111/3111/111/11/1}
*
   9  s
  33980.000000      0.91000000000E-04
  5089.0000000      0.70400000000E-03
  1157.0000000      0.36930000000E-02
  326.60000000      0.15360000000E-01
  106.10000000      0.52929000000E-01
  38.110000000      0.14704300000
  14.750000000      0.30563100000
  6.0350000000      0.39934500000
  2.5300000000      0.21705100000
   9  s
  33980.000000     -0.19000000000E-04
  5089.0000000     -0.15100000000E-03
  1157.0000000     -0.78500000000E-03
  326.60000000     -0.33240000000E-02
  106.10000000     -0.11512000000E-01
  38.110000000     -0.34160000000E-01
  14.750000000     -0.77173000000E-01
  6.0350000000     -0.14149300000
  2.5300000000     -0.11801900000
   1  s
 0.73550000000       1.0000000000
   1  s
 0.29050000000       1.0000000000
   1  s
 0.11110000000       1.0000000000
   3  p
  34.510000000      0.53780000000E-02
  7.9150000000      0.36132000000E-01
  2.3680000000      0.14249300000
   1  p
 0.81320000000       1.0000000000
   1  p
 0.28900000000       1.0000000000
   1  p
 0.10070000000       1.0000000000
   1  d
  1.8480000000       1.0000000000
   1  d
 0.64900000000       1.0000000000
   1  d
 0.22800000000       1.0000000000
   1  f
  1.4190000000       1.0000000000
   1  f
 0.48500000000       1.0000000000
   1  g
  1.0110000000       1.0000000000
*
$end
