$basis
*
o cc-pV5Z
# o     (24s8p4d3f2g1h) / [6s5p4d3f2g1h]     {**1111/41111/1111/111/11/1}
*
  10  s
  164200.00000      0.26000000000E-04
  24590.000000      0.20500000000E-03
  5592.0000000      0.10760000000E-02
  1582.0000000      0.45220000000E-02
  516.10000000      0.16108000000E-01
  187.20000000      0.49085000000E-01
  73.930000000      0.12485700000
  31.220000000      0.25168600000
  13.810000000      0.36242000000
  6.2560000000      0.27905100000
  10  s
  164200.00000     -0.60000000000E-05
  24590.000000     -0.46000000000E-04
  5592.0000000     -0.24400000000E-03
  1582.0000000     -0.10310000000E-02
  516.10000000     -0.36880000000E-02
  187.20000000     -0.11514000000E-01
  73.930000000     -0.30435000000E-01
  31.220000000     -0.68147000000E-01
  13.810000000     -0.12036800000
  6.2560000000     -0.14826000000
   1  s
  2.7760000000       1.0000000000
   1  s
  1.1380000000       1.0000000000
   1  s
 0.46000000000       1.0000000000
   1  s
 0.18290000000       1.0000000000
   4  p
  195.50000000      0.91800000000E-03
  46.160000000      0.73880000000E-02
  14.580000000      0.34958000000E-01
  5.2960000000      0.11543100000
   1  p
  2.0940000000       1.0000000000
   1  p
 0.84710000000       1.0000000000
   1  p
 0.33680000000       1.0000000000
   1  p
 0.12850000000       1.0000000000
   1  d
  5.8790000000       1.0000000000
   1  d
  2.3070000000       1.0000000000
   1  d
 0.90500000000       1.0000000000
   1  d
 0.35500000000       1.0000000000
   1  f
  4.0160000000       1.0000000000
   1  f
  1.5540000000       1.0000000000
   1  f
 0.60100000000       1.0000000000
   1  g
  3.3500000000       1.0000000000
   1  g
  1.1890000000       1.0000000000
   1  h
  2.3190000000       1.0000000000
*
h cc-pV5Z
# h     (8s4p3d2f1g) / [5s4p3d2f1g]     {41111/1111/111/11/1}
*
   4  s
  402.00000000      0.27900000000E-03
  60.240000000      0.21650000000E-02
  13.730000000      0.11201000000E-01
  3.9050000000      0.44878000000E-01
   1  s
  1.2830000000       1.0000000000
   1  s
 0.46550000000       1.0000000000
   1  s
 0.18110000000       1.0000000000
   1  s
 0.72790000000E-01   1.0000000000
   1  p
  4.5160000000       1.0000000000
   1  p
  1.7120000000       1.0000000000
   1  p
 0.64900000000       1.0000000000
   1  p
 0.24600000000       1.0000000000
   1  d
  2.9500000000       1.0000000000
   1  d
  1.2060000000       1.0000000000
   1  d
 0.49300000000       1.0000000000
   1  f
  2.5060000000       1.0000000000
   1  f
 0.87500000000       1.0000000000
   1  g
  2.3580000000       1.0000000000
*
$end
