$basis
*
c cc-pV5Z
# c     (24s8p4d3f2g1h) / [6s5p4d3f2g1h]     {**1111/41111/1111/111/11/1}
*
  10  s
  96770.000000      0.25000000000E-04
  14500.000000      0.19000000000E-03
  3300.0000000      0.10000000000E-02
  935.80000000      0.41830000000E-02
  306.20000000      0.14859000000E-01
  111.30000000      0.45301000000E-01
  43.900000000      0.11650400000
  18.400000000      0.24024900000
  8.0540000000      0.35879900000
  3.6370000000      0.29394100000
  10  s
  96770.000000     -0.50000000000E-05
  14500.000000     -0.41000000000E-04
  3300.0000000     -0.21300000000E-03
  935.80000000     -0.89700000000E-03
  306.20000000     -0.31870000000E-02
  111.30000000     -0.99610000000E-02
  43.900000000     -0.26375000000E-01
  18.400000000     -0.60001000000E-01
  8.0540000000     -0.10682500000
  3.6370000000     -0.14416600000
   1  s
  1.6560000000       1.0000000000
   1  s
 0.63330000000       1.0000000000
   1  s
 0.25450000000       1.0000000000
   1  s
 0.10190000000       1.0000000000
   4  p
  101.80000000      0.89100000000E-03
  24.040000000      0.69760000000E-02
  7.5710000000      0.31669000000E-01
  2.7320000000      0.10400600000
   1  p
  1.0850000000       1.0000000000
   1  p
 0.44960000000       1.0000000000
   1  p
 0.18760000000       1.0000000000
   1  p
 0.76060000000E-01   1.0000000000
   1  d
  3.1340000000       1.0000000000
   1  d
  1.2330000000       1.0000000000
   1  d
 0.48500000000       1.0000000000
   1  d
 0.19100000000       1.0000000000
   1  f
  2.0060000000       1.0000000000
   1  f
 0.83800000000       1.0000000000
   1  f
 0.35000000000       1.0000000000
   1  g
  1.7530000000       1.0000000000
   1  g
 0.67800000000       1.0000000000
   1  h
  1.2590000000       1.0000000000
*
h cc-pV5Z
# h     (8s4p3d2f1g) / [5s4p3d2f1g]     {41111/1111/111/11/1}
*
   4  s
  402.00000000      0.27900000000E-03
  60.240000000      0.21650000000E-02
  13.730000000      0.11201000000E-01
  3.9050000000      0.44878000000E-01
   1  s
  1.2830000000       1.0000000000
   1  s
 0.46550000000       1.0000000000
   1  s
 0.18110000000       1.0000000000
   1  s
 0.72790000000E-01   1.0000000000
   1  p
  4.5160000000       1.0000000000
   1  p
  1.7120000000       1.0000000000
   1  p
 0.64900000000       1.0000000000
   1  p
 0.24600000000       1.0000000000
   1  d
  2.9500000000       1.0000000000
   1  d
  1.2060000000       1.0000000000
   1  d
 0.49300000000       1.0000000000
   1  f
  2.5060000000       1.0000000000
   1  f
 0.87500000000       1.0000000000
   1  g
  2.3580000000       1.0000000000
*
$end
