$basis
*
c def2-QZVP
# c     (15s8p3d2f1g) / [7s4p3d2f1g]     {8211111/5111/111/11/1}
*
   8  s
  67025.071029      0.38736308501E-04
  10039.986538      0.30107917575E-03
  2284.9316911      0.15787918095E-02
  647.14122130      0.66087087195E-02
  211.09472335      0.23367123250E-01
  76.177643862      0.70420716898E-01
  29.633839163      0.17360344953
  12.187785081      0.32292305648
   2  s
  53.026006299      0.74897404492E-01
  15.258502776      0.76136220983
   1  s
  5.2403957464       1.0000000000
   1  s
  2.2905022379       1.0000000000
   1  s
 0.69673283006       1.0000000000
   1  s
 0.27599337363       1.0000000000
   1  s
 0.10739884389       1.0000000000
   5  p
  105.12555082      0.84647553844E-03
  24.884461066      0.66274038534E-02
  7.8637230826      0.30120390419E-01
  2.8407001835      0.99951435476E-01
  1.1227137335      0.23826299282
   1  p
 0.46050725555       1.0000000000
   1  p
 0.18937530913       1.0000000000
   1  p
 0.75983791611E-01   1.0000000000
   1  d
  1.8480000000       1.0000000000
   1  d
 0.64900000000       1.0000000000
   1  d
 0.22800000000       1.0000000000
   1  f
  1.4190000000       1.0000000000
   1  f
 0.48500000000       1.0000000000
   1  g
  1.0110000000       1.0000000000
*
i def2-QZVP
# i     (17s14p11d4f1g) / [7s6p4d4f1g]     {9131111/731111/8111/1111/1}
*
   9  s
  16788.400000      0.41000000000E-04
  2526.6400000      0.30300000000E-03
  571.98400000      0.12470000000E-02
  150.43400000      0.26590000000E-02
  29.540500000     -0.53190000000E-01
  18.457100000      0.34009600000
  11.528600000     -0.35235500000
  7.0828900000     -0.54138500000
  2.5040500000      0.71574900000
   1  s
  1.3540144781       1.0000000000
   3  s
  25.058617933      0.40897754402E-01
  15.621979372     -0.14269668187
  3.3536325162      0.52916319279
   1  s
 0.67430472704       1.0000000000
   1  s
 0.32727136949       1.0000000000
   1  s
 0.15749364119       1.0000000000
   1  s
 0.74377727841E-01   1.0000000000
   7  p
  656.27400000      0.91000000000E-04
  149.23200000      0.61300000000E-03
  19.015300000      0.59923000000E-01
  10.737800000     -0.24925800000
  6.4420800000     -0.43750000000E-02
  3.0920300000      0.51399900000
  1.5787400000      0.50721300000
   3  p
  15.660511893     -0.22143803592E-01
  4.9250669812      0.23518064355
  1.6692319982      0.73153925548
   1  p
 0.77817898176       1.0000000000
   1  p
 0.35608843716       1.0000000000
   1  p
 0.15493242649       1.0000000000
   1  p
 0.64666212492E-01   1.0000000000
   8  d
  318.22407776      0.10951692560E-03
  95.810227352      0.91919139268E-03
  35.322295259      0.47916935207E-02
  13.107447819     -0.16280459996E-01
  6.2949152988      0.90889609141E-01
  3.6826101201      0.27483543784
  2.0858950647      0.36067901632
  1.1644342344      0.28384002219
   1  d
 0.63180613129       1.0000000000
   1  d
 0.32215084697       1.0000000000
   1  d
 0.13490000000       1.0000000000
   1  f
 0.58780000000       1.0000000000
   1  f
 0.25000000000       1.0000000000
   1  g
 0.47390000000       1.0000000000
   1  f
  2.1780000000       1.0000000000
   1  f
  6.4253613600       1.0000000000
*
f def2-QZVP
# f     (15s8p3d2f1g) / [7s4p3d2f1g]     {8211111/5111/111/11/1}
*
   8  s
  132535.97345      0.47387482743E-04
  19758.112588      0.37070120897E-03
  4485.1996947      0.19450784713E-02
  1273.8151020      0.80573291994E-02
  418.93831236      0.27992880781E-01
  152.55721985      0.82735120175E-01
  59.821524823      0.19854169012
  24.819076932      0.34860632233
   2  s
  100.74446673      0.10505068816
  30.103728290      0.94068472434
   1  s
  10.814283272       1.0000000000
   1  s
  4.8172886770       1.0000000000
   1  s
  1.6559334213       1.0000000000
   1  s
 0.64893519582       1.0000000000
   1  s
 0.24778104545       1.0000000000
   5  p
  240.96654114      0.30389933451E-02
  57.020699781      0.24357738582E-01
  18.126952120      0.11442925768
  6.6457404621      0.37064659853
  2.6375722892      0.79791551766
   1  p
  1.0638217200       1.0000000000
   1  p
 0.41932562750       1.0000000000
   1  p
 0.15747588299       1.0000000000
   1  d
  5.0140000000       1.0000000000
   1  d
  1.7250000000       1.0000000000
   1  d
 0.58600000000       1.0000000000
   1  f
  3.5620000000       1.0000000000
   1  f
  1.1480000000       1.0000000000
   1  g
  2.3760000000       1.0000000000
*
$ecp
*
i def2-ecp
*
  ncore =    28           lmax =     3
#        coefficient   r^n          exponent
f
         -21.8420400    2          19.4586090
         -28.4681910    2          19.3492600
          -0.2437130    2           4.8237670
          -0.3208040    2           4.8843150
s-f
          49.9942930    2          40.0158350
         281.0253170    2          17.4297470
          61.5733260    2           9.0054840
          21.8420400    2          19.4586090
          28.4681910    2          19.3492600
           0.2437130    2           4.8237670
           0.3208040    2           4.8843150
p-f
          67.4428410    2          15.3554660
         134.8811370    2          14.9718330
          14.6750510    2           8.9601640
          29.3756660    2           8.2590960
          21.8420400    2          19.4586090
          28.4681910    2          19.3492600
           0.2437130    2           4.8237670
           0.3208040    2           4.8843150
d-f
          35.4395290    2          15.0689080
          53.1760570    2          14.5553220
           9.0671950    2           6.7186470
          13.2069370    2           6.4563930
           0.0893350    2           1.1917790
           0.0523800    2           1.2911570
          21.8420400    2          19.4586090
          28.4681910    2          19.3492600
           0.2437130    2           4.8237670
           0.3208040    2           4.8843150
*
$end
