$basis
*
o cc-pV6Z
# o     (27s10p5d4f3g2h1i) / [7s6p5d4f3g2h1i]
# {(11)(11)11111/511111/11111/1111/111/11/1}
*
  11  s
  570800.00000      0.55500000000E-05
  85480.000000      0.43110000000E-04
  19460.000000      0.22667000000E-03
  5512.0000000      0.95637000000E-03
  1798.0000000      0.34732000000E-02
  648.90000000      0.11197780000E-01
  253.10000000      0.32387660000E-01
  104.90000000      0.82859770000E-01
  45.650000000      0.17958381000
  20.620000000      0.30522110000
  9.5870000000      0.34089349000
  11  s
  570800.00000     -0.12600000000E-05
  85480.000000     -0.97700000000E-05
  19460.000000     -0.51480000000E-04
  5512.0000000     -0.21696000000E-03
  1798.0000000     -0.79162000000E-03
  648.90000000     -0.25590000000E-02
  253.10000000     -0.75331300000E-02
  104.90000000     -0.19788970000E-01
  45.650000000     -0.46062880000E-01
  20.620000000     -0.89195600000E-01
  9.5870000000     -0.13754216000
   1  s
  4.4930000000       1.0000000000
   1  s
  1.8370000000       1.0000000000
   1  s
 0.83490000000       1.0000000000
   1  s
 0.36580000000       1.0000000000
   1  s
 0.15700000000       1.0000000000
   5  p
  525.60000000      0.16664000000E-03
  124.60000000      0.14333600000E-02
  40.340000000      0.75476200000E-02
  15.180000000      0.28594560000E-01
  6.2450000000      0.84388580000E-01
   1  p
  2.7320000000       1.0000000000
   1  p
  1.2270000000       1.0000000000
   1  p
 0.54920000000       1.0000000000
   1  p
 0.24180000000       1.0000000000
   1  p
 0.10250000000       1.0000000000
   1  d
  8.2530000000       1.0000000000
   1  d
  3.5970000000       1.0000000000
   1  d
  1.5680000000       1.0000000000
   1  d
 0.68400000000       1.0000000000
   1  d
 0.29800000000       1.0000000000
   1  f
  5.4300000000       1.0000000000
   1  f
  2.4160000000       1.0000000000
   1  f
  1.0750000000       1.0000000000
   1  f
 0.47800000000       1.0000000000
   1  g
  5.2110000000       1.0000000000
   1  g
  2.1900000000       1.0000000000
   1  g
 0.92000000000       1.0000000000
   1  h
  3.8720000000       1.0000000000
   1  h
  1.5050000000       1.0000000000
   1  i
  2.7730000000       1.0000000000
*
h cc-pV6Z
# h     (10s5p4d3f2g1h) / [6s5p4d3f2g1h]     {511111/11111/1111/111/11/1}
*
   5  s
  1776.7755600      0.44000000000E-04
  254.01771200      0.37200000000E-03
  54.698039000      0.20940000000E-02
  15.018344000      0.88630000000E-02
  4.9150780000      0.30540000000E-01
   1  s
  1.7949240000       1.0000000000
   1  s
 0.71071600000       1.0000000000
   1  s
 0.30480200000       1.0000000000
   1  s
 0.13804600000       1.0000000000
   1  s
 0.62157000000E-01   1.0000000000
   1  p
  8.6490000000       1.0000000000
   1  p
  3.4300000000       1.0000000000
   1  p
  1.3600000000       1.0000000000
   1  p
 0.53900000000       1.0000000000
   1  p
 0.21400000000       1.0000000000
   1  d
  4.4530000000       1.0000000000
   1  d
  1.9580000000       1.0000000000
   1  d
 0.86100000000       1.0000000000
   1  d
 0.37800000000       1.0000000000
   1  f
  4.1000000000       1.0000000000
   1  f
  1.7800000000       1.0000000000
   1  f
 0.77300000000       1.0000000000
   1  g
  3.1990000000       1.0000000000
   1  g
  1.3260000000       1.0000000000
   1  h
  2.6530000000       1.0000000000
*
c cc-pV6Z
# c     (27s10p5d4f3g2h1i) / [7s6p5d4f3g2h1i]
# {(11)(11)11111/511111/11111/1111/111/11/1}
*
  11  s
  312100.00000      0.56700000000E-05
  46740.000000      0.44100000000E-04
  10640.000000      0.23190000000E-03
  3013.0000000      0.97897000000E-03
  982.80000000      0.35516300000E-02
  354.80000000      0.11440610000E-01
  138.40000000      0.32998550000E-01
  57.350000000      0.84053470000E-01
  24.920000000      0.18067613000
  11.230000000      0.30491140000
  5.2010000000      0.34141570000
  11  s
  312100.00000     -0.12100000000E-05
  46740.000000     -0.93900000000E-05
  10640.000000     -0.49470000000E-04
  3013.0000000     -0.20857000000E-03
  982.80000000     -0.76015000000E-03
  354.80000000     -0.24546900000E-02
  138.40000000     -0.72015300000E-02
  57.350000000     -0.18807420000E-01
  24.920000000     -0.43250010000E-01
  11.230000000     -0.82597330000E-01
  5.2010000000     -0.12857592000
   1  s
  2.4260000000       1.0000000000
   1  s
 0.96730000000       1.0000000000
   1  s
 0.44560000000       1.0000000000
   1  s
 0.19710000000       1.0000000000
   1  s
 0.86350000000E-01   1.0000000000
   5  p
  295.20000000      0.14249000000E-03
  69.980000000      0.12201000000E-02
  22.640000000      0.63369600000E-02
  8.4850000000      0.23518750000E-01
  3.4590000000      0.69904470000E-01
   1  p
  1.5040000000       1.0000000000
   1  p
 0.67830000000       1.0000000000
   1  p
 0.30870000000       1.0000000000
   1  p
 0.14000000000       1.0000000000
   1  p
 0.61780000000E-01   1.0000000000
   1  d
  4.5420000000       1.0000000000
   1  d
  1.9790000000       1.0000000000
   1  d
 0.86210000000       1.0000000000
   1  d
 0.37560000000       1.0000000000
   1  d
 0.16360000000       1.0000000000
   1  f
  2.6310000000       1.0000000000
   1  f
  1.2550000000       1.0000000000
   1  f
 0.59880000000       1.0000000000
   1  f
 0.28570000000       1.0000000000
   1  g
  2.6520000000       1.0000000000
   1  g
  1.2040000000       1.0000000000
   1  g
 0.54700000000       1.0000000000
   1  h
  2.0300000000       1.0000000000
   1  h
 0.85110000000       1.0000000000
   1  i
  1.4910000000       1.0000000000
*
$end
