$coord
   -0.41984234655906      0.00001343028363      5.82511824576387      o
   -1.95470332283609     -0.00001013082180      6.79118022972978      h
    1.66789090813591      0.00000210893436      7.52351189237373      c
    3.36227822007076     -0.00000075966991      6.36857717848373      h
    1.68368814933281      1.67993146070804      8.71335779234679      h
    1.68367994036249     -1.67993167235736      8.71335161861152      h
$redundant
     number_of_atoms             6
     degrees_of_freedom         12
     internal_coordinates       12
     frozen_coordinates          0
# definitions of redundant internals
   1 k  1.0000000000000 stre    1    2           val=   1.81358
   2 k  1.0000000000000 bend    3    2    1      val= 108.68441
   3 k  1.0000000000000 tors    4    3    1    2 val=  59.99912
        1.0000000000000 tors    6    3    1    2
        1.0000000000000 tors    5    3    1    2
   4 k  1.0000000000000 stre    3    4           val=   2.05057
   5 k  1.0000000000000 stre    3    6           val=   2.05868
   6 k  1.0000000000000 stre    3    5           val=   2.05868
   7 k  0.3773097356090 bend    6    4    3      val=   0.47378
        0.3773090911717 bend    5    4    3
        0.4768163504985 bend    5    6    3
       -0.4218629843120 bend    1    4    3
       -0.3936704995269 bend    1    6    3
       -0.3936705999955 bend    1    5    3
   8 k  0.3900265181302 bend    6    4    3      val=   2.19066
        0.3902037559649 bend    5    4    3
       -0.6450343208896 bend    5    6    3
        0.4097495626135 bend    1    4    3
       -0.2363319589738 bend    1    6    3
       -0.2362277925354 bend    1    5    3
   9 k  0.6152854684156 bend    6    4    3      val=   0.00035
       -0.6151715851242 bend    5    4    3
       -0.0000950719895 bend    5    6    3
        0.0000579811541 bend    1    4    3
        0.3485261587624 bend    1    6    3
       -0.3485931976822 bend    1    5    3
  10 k  0.2249823197874 bend    6    4    3      val=   1.43263
        0.2249951627041 bend    5    4    3
       -0.4212940718315 bend    5    6    3
       -0.7028546166701 bend    1    4    3
        0.3371035534417 bend    1    6    3
        0.3370875548948 bend    1    5    3
  11 k -0.3485618920539 bend    6    4    3      val=   0.00004
        0.3485574720549 bend    5    4    3
        0.0000046749343 bend    5    6    3
        0.0000109921040 bend    1    4    3
        0.6152231496679 bend    1    6    3
       -0.6152339165330 bend    1    5    3
  12 k  1.0000000000000 stre    1    3           val=   2.69131
        12 non zero eigenvalues  of BmBt
           1           3.667448702    1    0
         1
           2           3.551192905    2    0
         2
           3           3.261478655    3    0
         3
           4           2.540870767    4    0
         4
           5           2.147368106    5    0
         5
           6           1.247831458    6    0
         6
           7           0.854319891    7    0
         7
           8           0.704084496    8    0
         8
           9           0.701393067    9    0
         9
          10           0.452741835   10    0
        10
          11           0.426914563   11    0
        11
          12           0.261421851   12    0
        12
$user-defined bonds
$end
