$coord
   -7.46430469582141     -0.00027108121376     -7.21100010744512       o
   -7.18212773397176      0.00712710211018     -9.49740750436200       c
   -4.56132053463047      0.02632135657753    -10.63696765020951       c
   -9.45636337274138     -0.00286416908249    -11.22915919760247       c
   -3.55464684318520      1.68437044062227     -9.95030046367629       h
   -3.53393573767633     -1.62229837200933     -9.95831304987836       h
   -4.57441794866776      0.03121928482903    -12.68785395707021       h
  -10.61321191433136      1.64430413645075    -10.80434186353967       h
  -10.59261681533033     -1.66629994770463    -10.81222522837905       h
   -8.95739111597403      0.00498734442292    -13.21841230395762       h
$end
