$coord
    1.96019024092868      0.00101856238563     -1.10001336140500       c
   -0.33351209601459     -0.00051211578201      0.19410321973935       c
   -0.34614869466519     -0.00097887813683      2.83106108063837       c
    1.92729388840741      0.00007558904532      4.16717115590770       c
    4.21147389536707      0.00160248776069      2.85633049848731       c
    4.23629922757479      0.00207113984164      0.22350357891478       c
   -3.78714912031053     -0.00320497552137      4.78927844748432       i
    1.91458925961602     -0.00025511302794      6.21010116583865       h
    5.96986217229103      0.00241695972396      3.89893020052298       h
    6.01197093971012      0.00324088031790     -0.78691030762558       h
    1.96207051843090      0.00137761035087     -3.14425673099830       h
   -2.09628075811458     -0.00130013157943     -0.83853195639761       h
$end
