$basis
*
h cc-pVTZ
# h     (5s2p1d) / [3s2p1d]     {311/11/1}
*
   3  s
  33.870000000      0.60680000000E-02
  5.0950000000      0.45308000000E-01
  1.1590000000      0.20282200000
   1  s
 0.32580000000       1.0000000000
   1  s
 0.10270000000       1.0000000000
   1  p
  1.4070000000       1.0000000000
   1  p
 0.38800000000       1.0000000000
   1  d
  1.0570000000       1.0000000000
*
i cc-pVTZ-PP
# i     (21s20p9d1f) / [5s4p3d1f]     {99111/9911/711/1}
*
   9  s
  5546.5000000      0.15600000000E-03
  838.21400000      0.98600000000E-03
  182.18700000      0.27920000000E-02
  31.212300000     -0.43251000000E-01
  19.531400000      0.23413400000
  8.2409900000     -0.75094300000
  2.1945500000      0.88296800000
  1.1091100000      0.46206100000
 0.81061000000E-01  0.11020000000E-02
   9  s
  5546.5000000     -0.73000000000E-04
  838.21400000     -0.50800000000E-03
  182.18700000     -0.11580000000E-02
  31.212300000      0.12193000000E-01
  19.531400000     -0.87854000000E-01
  8.2409900000      0.33820000000
  2.1945500000     -0.57655000000
  1.1091100000     -0.40929800000
 0.81061000000E-01  0.14323100000
   1  s
 0.37464100000       1.0000000000
   1  s
 0.17708000000       1.0000000000
   1  s
 0.10010000000       1.0000000000
   9  p
  188.98800000      0.58500000000E-03
  21.286800000      0.36923000000E-01
  10.039600000     -0.23532400000
  3.4518000000      0.34148300000
  1.9745600000      0.53478800000
  1.0242000000      0.26514100000
 0.44943700000      0.25787000000E-01
 0.18664800000      0.52200000000E-03
 0.73481000000E-01  0.60600000000E-03
   9  p
  188.98800000     -0.25600000000E-03
  21.286800000     -0.11682000000E-01
  10.039600000      0.83192000000E-01
  3.4518000000     -0.15697000000
  1.9745600000     -0.22451800000
  1.0242000000     -0.11445100000
 0.44943700000      0.37535600000
 0.18664800000      0.57513600000
 0.73481000000E-01  0.24591700000
   1  p
 0.59810000000       1.0000000000
   1  p
 0.96180000000E-01   1.0000000000
   7  d
  132.66200000      0.57200000000E-03
  37.605400000      0.44020000000E-02
  10.389100000     -0.40922000000E-01
  6.4901700000      0.99661000000E-01
  3.4545100000      0.32266300000
  1.8441300000      0.40034300000
 0.96247800000      0.26830600000
   1  d
 0.47285300000       1.0000000000
   1  d
 0.19320000000       1.0000000000
   1  f
 0.40640000000       1.0000000000
*
$ecp
*
i defpp-ecp
*
  ncore =    28           lmax =     4
#        coefficient   r^n          exponent
g
           0.0000000    2           1.0000000
s-g
          49.9896490    2          40.0333760
         281.0065560    2          17.3005760
          61.4167390    2           8.8517200
p-g
          67.4162390    2          15.7201410
         134.8076960    2          15.2082220
          14.5665480    2           8.2941860
          28.9684220    2           7.7539490
d-g
          35.5387560    2          13.8177510
          53.3397590    2          13.5878050
           9.7164660    2           6.9476300
          14.9775000    2           6.9600990
f-g
         -20.1766180    2          18.5229500
         -26.0880770    2          18.2510350
          -0.2204340    2           7.5579010
          -0.2216460    2           7.5974040
*
$end
