$coord
   -0.44439560355707      0.00394214445773      0.25087093292194      c
   -0.45009043687771      0.00224742294395      2.88297316141977      c
    1.80628669656213     -0.00404002093306      4.23813263608946      c
    4.09212013640929     -0.00874024036735      2.93333073269727      c
    4.12503977791543     -0.00716486828694      0.30042272686610      c
    1.85390640427241     -0.00080517262097     -1.03186335907196      c
   -3.30504620495678      0.00805116496108      4.49468251540444      cl
    1.75899971104234     -0.00522194069424      6.27943434838020      h
    5.84615607925194     -0.01363901521615      3.98195956816538      h
    5.90371732623225     -0.01085796573762     -0.70356980224457      h
    1.86249996220760      0.00047910982538     -3.07546653102542      h
   -2.21642248562661      0.00888123472385     -0.76348392833567      h
   -8.32165064276583      0.00634198326293      7.35925427585317      n
   -9.88651354229708     -2.02996987882804      6.40387589826377      c
   -7.77438649892327     -0.38386259593690     10.01557649680712      c
   -9.57146263818837      2.41699836697043      6.99192579714197      c
   -9.50010859763812     -0.41585312524391     11.18147366506180      h
   -6.79167238055520     -2.17416923919603     10.26574003909710      h
   -6.55803643026659      1.12684041247514     10.70248209685844      h
  -11.38844006728427      2.52739856004689      8.00426436030004      h
   -8.36050406023402      3.93654982902710      7.66852442268370      h
   -9.92881533012283      2.71496332358700      4.98770681003565      h
  -11.71946919922053     -2.14561681525423      7.38639376290376      h
  -10.24517142460782     -1.74669925309680      4.39773678311054      h
   -8.91035346092021     -3.82543008115156      6.64199639543286      h
$user-defined bonds
$end
