$basis
*
c def2-QZVP
# c     (15s8p3d2f1g) / [7s4p3d2f1g]     {8211111/5111/111/11/1}
*
   8  s
  67025.071029      0.38736308501E-04
  10039.986538      0.30107917575E-03
  2284.9316911      0.15787918095E-02
  647.14122130      0.66087087195E-02
  211.09472335      0.23367123250E-01
  76.177643862      0.70420716898E-01
  29.633839163      0.17360344953
  12.187785081      0.32292305648
   2  s
  53.026006299      0.74897404492E-01
  15.258502776      0.76136220983
   1  s
  5.2403957464       1.0000000000
   1  s
  2.2905022379       1.0000000000
   1  s
 0.69673283006       1.0000000000
   1  s
 0.27599337363       1.0000000000
   1  s
 0.10739884389       1.0000000000
   5  p
  105.12555082      0.84647553844E-03
  24.884461066      0.66274038534E-02
  7.8637230826      0.30120390419E-01
  2.8407001835      0.99951435476E-01
  1.1227137335      0.23826299282
   1  p
 0.46050725555       1.0000000000
   1  p
 0.18937530913       1.0000000000
   1  p
 0.75983791611E-01   1.0000000000
   1  d
  1.8480000000       1.0000000000
   1  d
 0.64900000000       1.0000000000
   1  d
 0.22800000000       1.0000000000
   1  f
  1.4190000000       1.0000000000
   1  f
 0.48500000000       1.0000000000
   1  g
  1.0110000000       1.0000000000
*
cl def2-QZVP
# cl    (20s14p4d2f1g) / [9s6p4d2f1g]     {*31111111/821111/1111/11/1}
*
  10  s
  1467459.0095      0.11478257194E-04
  219756.16433      0.89234299775E-04
  50010.770301      0.46911086186E-03
  14164.823918      0.19762446133E-02
  4620.7465525      0.71419937783E-02
  1667.8991635      0.22753219445E-01
  650.29199265      0.63959782953E-01
  269.38037376      0.15331059238
  117.06752106      0.28986952417
  52.811766843      0.36348071452
   3  s
  461.42769988      0.18019457578E-01
  142.12665355      0.16489442314
  54.437838768      0.63891587584
   1  s
  24.160770219       1.0000000000
   1  s
  9.7083540306       1.0000000000
   1  s
  4.5640696733       1.0000000000
   1  s
  2.1194744832       1.0000000000
   1  s
 0.75722365394       1.0000000000
   1  s
 0.33747224597       1.0000000000
   1  s
 0.13860775149       1.0000000000
   8  p
  2501.9457890      0.24242618410E-03
  592.88059285      0.21079961749E-02
  192.18089186      0.11432693869E-01
  72.875710488      0.44956698060E-01
  30.436358370      0.13197476145
  13.490178902      0.27493639225
  6.1478071413      0.38347236372
  2.8450944820      0.28871943885
   2  p
  105.39397936     -0.34311760144E-01
  6.7369738513      0.64060818902
   1  p
  1.2421095772       1.0000000000
   1  p
 0.55669714254       1.0000000000
   1  p
 0.23387801464       1.0000000000
   1  p
 0.93164490890E-01   1.0000000000
   1  d
  5.1910000000       1.0000000000
   1  d
  1.2760000000       1.0000000000
   1  d
 0.58300000000       1.0000000000
   1  d
 0.24300000000       1.0000000000
   1  f
 0.42300000000       1.0000000000
   1  f
  1.0890000000       1.0000000000
   1  g
 0.82700000000       1.0000000000
*
h def2-QZVP
# h     (7s3p2d1f) / [4s3p2d1f]     {4111/111/11/1}
*
   4  s
  190.69169000      0.70815167000E-03
  28.605532000      0.54678827000E-02
  6.5095943000      0.27966605000E-01
  1.8412455000      0.10764538000
   1  s
 0.59853725000       1.0000000000
   1  s
 0.21397624000       1.0000000000
   1  s
 0.80316286000E-01   1.0000000000
   1  p
  2.2920000000       1.0000000000
   1  p
 0.83800000000       1.0000000000
   1  p
 0.29200000000       1.0000000000
   1  d
  2.0620000000       1.0000000000
   1  d
 0.66200000000       1.0000000000
   1  f
  1.3970000000       1.0000000000
*
o def2-QZVP
# o     (15s8p3d2f1g) / [7s4p3d2f1g]     {8211111/5111/111/11/1}
*
   8  s
  116506.46908      0.40383857939E-04
  17504.349724      0.31255139004E-03
  3993.4513230      0.16341473495E-02
  1133.0063186      0.68283224757E-02
  369.99569594      0.24124410221E-01
  133.62074349      0.72730206154E-01
  52.035643649      0.17934429892
  21.461939313      0.33059588895
   2  s
  89.835051252      0.96468652996E-01
  26.428010844      0.94117481120
   1  s
  9.2822824649       1.0000000000
   1  s
  4.0947728533       1.0000000000
   1  s
  1.3255349078       1.0000000000
   1  s
 0.51877230787       1.0000000000
   1  s
 0.19772676454       1.0000000000
   5  p
  191.15255810      0.25115697705E-02
  45.233356739      0.20039240864E-01
  14.353465922      0.93609064762E-01
  5.2422371832      0.30618127124
  2.0792418599      0.67810501439
   1  p
 0.84282371424       1.0000000000
   1  p
 0.33617694891       1.0000000000
   1  p
 0.12863997974       1.0000000000
   1  d
  3.7750000000       1.0000000000
   1  d
  1.3000000000       1.0000000000
   1  d
 0.44400000000       1.0000000000
   1  f
  2.6660000000       1.0000000000
   1  f
 0.85900000000       1.0000000000
   1  g
  1.8460000000       1.0000000000
*
$end
