$basis
*
c def2-QZVP
# c     (15s8p3d2f1g) / [7s4p3d2f1g]     {8211111/5111/111/11/1}
*
   8  s
  67025.071029      0.38736308501E-04
  10039.986538      0.30107917575E-03
  2284.9316911      0.15787918095E-02
  647.14122130      0.66087087195E-02
  211.09472335      0.23367123250E-01
  76.177643862      0.70420716898E-01
  29.633839163      0.17360344953
  12.187785081      0.32292305648
   2  s
  53.026006299      0.74897404492E-01
  15.258502776      0.76136220983
   1  s
  5.2403957464       1.0000000000
   1  s
  2.2905022379       1.0000000000
   1  s
 0.69673283006       1.0000000000
   1  s
 0.27599337363       1.0000000000
   1  s
 0.10739884389       1.0000000000
   5  p
  105.12555082      0.84647553844E-03
  24.884461066      0.66274038534E-02
  7.8637230826      0.30120390419E-01
  2.8407001835      0.99951435476E-01
  1.1227137335      0.23826299282
   1  p
 0.46050725555       1.0000000000
   1  p
 0.18937530913       1.0000000000
   1  p
 0.75983791611E-01   1.0000000000
   1  d
  1.8480000000       1.0000000000
   1  d
 0.64900000000       1.0000000000
   1  d
 0.22800000000       1.0000000000
   1  f
  1.4190000000       1.0000000000
   1  f
 0.48500000000       1.0000000000
   1  g
  1.0110000000       1.0000000000
*
br def2-QZVP
# br    (24s20p10d2f1g) / [11s7p4d2f1g]     {(11)4111111111/*511111/7111/11/1}
*
  11  s
  10629044.264      0.59322104325E-05
  1591918.2739      0.46118980689E-04
  362333.98437      0.24244612378E-03
  102643.11141      0.10231422748E-02
  33489.846668      0.37121984175E-02
  12091.247190      0.11978107933E-01
  4716.1908789      0.34682692842E-01
  1956.1598080      0.89068331264E-01
  853.08595848      0.19330124567
  387.96633666      0.32071144956
  182.85156613      0.32996797574
   4  s
  3240.4086421      0.65905194070E-02
  1000.4631935      0.68439609656E-01
  383.37301682      0.34495478668
  166.03929698      0.82315542085
   1  s
  87.919906994       1.0000000000
   1  s
  35.675840068       1.0000000000
   1  s
  17.543657842       1.0000000000
   1  s
  8.4473660433       1.0000000000
   1  s
  3.9666180616       1.0000000000
   1  s
  1.8356815987       1.0000000000
   1  s
 0.59084778776       1.0000000000
   1  s
 0.28863218421       1.0000000000
   1  s
 0.12153380537       1.0000000000
  10  p
  26566.476579      0.62073657410E-04
  6290.5088566      0.55131636217E-03
  2043.3178410      0.31680110980E-02
  781.67221007      0.13816597290E-01
  331.51078945      0.48018539681E-01
  151.09198667      0.13162015183
  72.395278166      0.26860052203
  35.869510844      0.36827391093
  18.139906191      0.27108612944
  9.0466688944      0.76215338633E-01
   5  p
  253.71822146     -0.13729169381E-02
  97.250818058     -0.10393811185E-01
  42.034897960     -0.32204214612E-01
  9.9685673555      0.24224770086
  4.9395854745      0.53557868398
   1  p
  2.4382845475       1.0000000000
   1  p
  1.1800000000       1.0000000000
   1  p
 0.51047564965       1.0000000000
   1  p
 0.21215851928       1.0000000000
   1  p
 0.83943604990E-01   1.0000000000
   7  d
  601.44434484      0.62783723765E-03
  180.85718640      0.57205157153E-02
  69.986806340      0.29002521527E-01
  30.324710300      0.96446989766E-01
  14.027909238      0.22065825870
  6.6511702082      0.33657642375
  3.1354168338      0.34872040582
   1  d
  1.4393591843      0.20984536473
   1  d
 0.59350441438       1.0000000000
   1  d
 0.23000000000       1.0000000000
   1  f
 0.34070000000       1.0000000000
   1  f
 0.82570000000       1.0000000000
   1  g
 0.64910000000       1.0000000000
*
f def2-QZVP
# f     (15s8p3d2f1g) / [7s4p3d2f1g]     {8211111/5111/111/11/1}
*
   8  s
  132535.97345      0.47387482743E-04
  19758.112588      0.37070120897E-03
  4485.1996947      0.19450784713E-02
  1273.8151020      0.80573291994E-02
  418.93831236      0.27992880781E-01
  152.55721985      0.82735120175E-01
  59.821524823      0.19854169012
  24.819076932      0.34860632233
   2  s
  100.74446673      0.10505068816
  30.103728290      0.94068472434
   1  s
  10.814283272       1.0000000000
   1  s
  4.8172886770       1.0000000000
   1  s
  1.6559334213       1.0000000000
   1  s
 0.64893519582       1.0000000000
   1  s
 0.24778104545       1.0000000000
   5  p
  240.96654114      0.30389933451E-02
  57.020699781      0.24357738582E-01
  18.126952120      0.11442925768
  6.6457404621      0.37064659853
  2.6375722892      0.79791551766
   1  p
  1.0638217200       1.0000000000
   1  p
 0.41932562750       1.0000000000
   1  p
 0.15747588299       1.0000000000
   1  d
  5.0140000000       1.0000000000
   1  d
  1.7250000000       1.0000000000
   1  d
 0.58600000000       1.0000000000
   1  f
  3.5620000000       1.0000000000
   1  f
  1.1480000000       1.0000000000
   1  g
  2.3760000000       1.0000000000
*
o def2-QZVP
# o     (15s8p3d2f1g) / [7s4p3d2f1g]     {8211111/5111/111/11/1}
*
   8  s
  116506.46908      0.40383857939E-04
  17504.349724      0.31255139004E-03
  3993.4513230      0.16341473495E-02
  1133.0063186      0.68283224757E-02
  369.99569594      0.24124410221E-01
  133.62074349      0.72730206154E-01
  52.035643649      0.17934429892
  21.461939313      0.33059588895
   2  s
  89.835051252      0.96468652996E-01
  26.428010844      0.94117481120
   1  s
  9.2822824649       1.0000000000
   1  s
  4.0947728533       1.0000000000
   1  s
  1.3255349078       1.0000000000
   1  s
 0.51877230787       1.0000000000
   1  s
 0.19772676454       1.0000000000
   5  p
  191.15255810      0.25115697705E-02
  45.233356739      0.20039240864E-01
  14.353465922      0.93609064762E-01
  5.2422371832      0.30618127124
  2.0792418599      0.67810501439
   1  p
 0.84282371424       1.0000000000
   1  p
 0.33617694891       1.0000000000
   1  p
 0.12863997974       1.0000000000
   1  d
  3.7750000000       1.0000000000
   1  d
  1.3000000000       1.0000000000
   1  d
 0.44400000000       1.0000000000
   1  f
  2.6660000000       1.0000000000
   1  f
 0.85900000000       1.0000000000
   1  g
  1.8460000000       1.0000000000
*
h def2-QZVP
# h     (7s3p2d1f) / [4s3p2d1f]     {4111/111/11/1}
*
   4  s
  190.69169000      0.70815167000E-03
  28.605532000      0.54678827000E-02
  6.5095943000      0.27966605000E-01
  1.8412455000      0.10764538000
   1  s
 0.59853725000       1.0000000000
   1  s
 0.21397624000       1.0000000000
   1  s
 0.80316286000E-01   1.0000000000
   1  p
  2.2920000000       1.0000000000
   1  p
 0.83800000000       1.0000000000
   1  p
 0.29200000000       1.0000000000
   1  d
  2.0620000000       1.0000000000
   1  d
 0.66200000000       1.0000000000
   1  f
  1.3970000000       1.0000000000
*
$end
