$basis
*
o cc-pVQZ
# o     (21s6p3d2f1g) / [5s4p3d2f1g]     {99111/3111/111/11/1}
*
   9  s
  61420.000000      0.90000000000E-04
  9199.0000000      0.69800000000E-03
  2091.0000000      0.36640000000E-02
  590.90000000      0.15218000000E-01
  192.30000000      0.52423000000E-01
  69.320000000      0.14592100000
  26.970000000      0.30525800000
  11.100000000      0.39850800000
  4.6820000000      0.21698000000
   9  s
  61420.000000     -0.20000000000E-04
  9199.0000000     -0.15900000000E-03
  2091.0000000     -0.82900000000E-03
  590.90000000     -0.35080000000E-02
  192.30000000     -0.12156000000E-01
  69.320000000     -0.36261000000E-01
  26.970000000     -0.82992000000E-01
  11.100000000     -0.15209000000
  4.6820000000     -0.11533100000
   1  s
  1.4280000000       1.0000000000
   1  s
 0.55470000000       1.0000000000
   1  s
 0.20670000000       1.0000000000
   3  p
  63.420000000      0.60440000000E-02
  14.660000000      0.41799000000E-01
  4.4590000000      0.16114300000
   1  p
  1.5310000000       1.0000000000
   1  p
 0.53020000000       1.0000000000
   1  p
 0.17500000000       1.0000000000
   1  d
  3.7750000000       1.0000000000
   1  d
  1.3000000000       1.0000000000
   1  d
 0.44400000000       1.0000000000
   1  f
  2.6660000000       1.0000000000
   1  f
 0.85900000000       1.0000000000
   1  g
  1.8460000000       1.0000000000
*
h cc-pVQZ
# h     (6s3p2d1f) / [4s3p2d1f]     {3111/111/11/1}
*
   3  s
  82.640000000      0.20060000000E-02
  12.410000000      0.15343000000E-01
  2.8240000000      0.75579000000E-01
   1  s
 0.79770000000       1.0000000000
   1  s
 0.25810000000       1.0000000000
   1  s
 0.89890000000E-01   1.0000000000
   1  p
  2.2920000000       1.0000000000
   1  p
 0.83800000000       1.0000000000
   1  p
 0.29200000000       1.0000000000
   1  d
  2.0620000000       1.0000000000
   1  d
 0.66200000000       1.0000000000
   1  f
  1.3970000000       1.0000000000
*
$end
