$basis
*
c cc-pV5Z
# c     (24s8p4d3f2g1h) / [6s5p4d3f2g1h]     {**1111/41111/1111/111/11/1}
*
  10  s
  96770.000000      0.25000000000E-04
  14500.000000      0.19000000000E-03
  3300.0000000      0.10000000000E-02
  935.80000000      0.41830000000E-02
  306.20000000      0.14859000000E-01
  111.30000000      0.45301000000E-01
  43.900000000      0.11650400000
  18.400000000      0.24024900000
  8.0540000000      0.35879900000
  3.6370000000      0.29394100000
  10  s
  96770.000000     -0.50000000000E-05
  14500.000000     -0.41000000000E-04
  3300.0000000     -0.21300000000E-03
  935.80000000     -0.89700000000E-03
  306.20000000     -0.31870000000E-02
  111.30000000     -0.99610000000E-02
  43.900000000     -0.26375000000E-01
  18.400000000     -0.60001000000E-01
  8.0540000000     -0.10682500000
  3.6370000000     -0.14416600000
   1  s
  1.6560000000       1.0000000000
   1  s
 0.63330000000       1.0000000000
   1  s
 0.25450000000       1.0000000000
   1  s
 0.10190000000       1.0000000000
   4  p
  101.80000000      0.89100000000E-03
  24.040000000      0.69760000000E-02
  7.5710000000      0.31669000000E-01
  2.7320000000      0.10400600000
   1  p
  1.0850000000       1.0000000000
   1  p
 0.44960000000       1.0000000000
   1  p
 0.18760000000       1.0000000000
   1  p
 0.76060000000E-01   1.0000000000
   1  d
  3.1340000000       1.0000000000
   1  d
  1.2330000000       1.0000000000
   1  d
 0.48500000000       1.0000000000
   1  d
 0.19100000000       1.0000000000
   1  f
  2.0060000000       1.0000000000
   1  f
 0.83800000000       1.0000000000
   1  f
 0.35000000000       1.0000000000
   1  g
  1.7530000000       1.0000000000
   1  g
 0.67800000000       1.0000000000
   1  h
  1.2590000000       1.0000000000
*
h cc-pV5Z
# h     (8s4p3d2f1g) / [5s4p3d2f1g]     {41111/1111/111/11/1}
*
   4  s
  402.00000000      0.27900000000E-03
  60.240000000      0.21650000000E-02
  13.730000000      0.11201000000E-01
  3.9050000000      0.44878000000E-01
   1  s
  1.2830000000       1.0000000000
   1  s
 0.46550000000       1.0000000000
   1  s
 0.18110000000       1.0000000000
   1  s
 0.72790000000E-01   1.0000000000
   1  p
  4.5160000000       1.0000000000
   1  p
  1.7120000000       1.0000000000
   1  p
 0.64900000000       1.0000000000
   1  p
 0.24600000000       1.0000000000
   1  d
  2.9500000000       1.0000000000
   1  d
  1.2060000000       1.0000000000
   1  d
 0.49300000000       1.0000000000
   1  f
  2.5060000000       1.0000000000
   1  f
 0.87500000000       1.0000000000
   1  g
  2.3580000000       1.0000000000
*
n cc-pV5Z
# n     (24s8p4d3f2g1h) / [6s5p4d3f2g1h]     {**1111/41111/1111/111/11/1}
*
  10  s
  129200.00000      0.25000000000E-04
  19350.000000      0.19700000000E-03
  4404.0000000      0.10320000000E-02
  1248.0000000      0.43250000000E-02
  408.00000000      0.15380000000E-01
  148.20000000      0.46867000000E-01
  58.500000000      0.12011600000
  24.590000000      0.24569500000
  10.810000000      0.36137900000
  4.8820000000      0.28728300000
  10  s
  129200.00000     -0.60000000000E-05
  19350.000000     -0.43000000000E-04
  4404.0000000     -0.22700000000E-03
  1248.0000000     -0.95800000000E-03
  408.00000000     -0.34160000000E-02
  148.20000000     -0.10667000000E-01
  58.500000000     -0.28279000000E-01
  24.590000000     -0.64020000000E-01
  10.810000000     -0.11393200000
  4.8820000000     -0.14699500000
   1  s
  2.1950000000       1.0000000000
   1  s
 0.87150000000       1.0000000000
   1  s
 0.35040000000       1.0000000000
   1  s
 0.13970000000       1.0000000000
   4  p
  147.00000000      0.89200000000E-03
  34.760000000      0.70820000000E-02
  11.000000000      0.32816000000E-01
  3.9950000000      0.10820900000
   1  p
  1.5870000000       1.0000000000
   1  p
 0.65330000000       1.0000000000
   1  p
 0.26860000000       1.0000000000
   1  p
 0.10670000000       1.0000000000
   1  d
  4.6470000000       1.0000000000
   1  d
  1.8130000000       1.0000000000
   1  d
 0.70700000000       1.0000000000
   1  d
 0.27600000000       1.0000000000
   1  f
  2.9420000000       1.0000000000
   1  f
  1.2040000000       1.0000000000
   1  f
 0.49300000000       1.0000000000
   1  g
  2.5110000000       1.0000000000
   1  g
 0.94200000000       1.0000000000
   1  h
  1.7680000000       1.0000000000
*
i cc-pV5Z-PP
# i     (27s21p13d3f2g1h) / [7s7p5d3f2g1h]
# {(11)(11)11111/8811111/91111/111/11/1}
*
  11  s
  42976.600000      0.13000000000E-04
  6439.0100000      0.97000000000E-04
  1455.7800000      0.46600000000E-03
  405.36100000      0.14410000000E-02
  116.98000000      0.26740000000E-02
  29.632600000     -0.58121000000E-01
  18.510000000      0.34575900000
  11.562000000     -0.36227200000
  6.5950700000     -0.63467400000
  4.0534000000      0.22366700000
  2.1409000000      0.78327300000
  11  s
  42976.600000     -0.60000000000E-05
  6439.0100000     -0.47000000000E-04
  1455.7800000     -0.22300000000E-03
  405.36100000     -0.71200000000E-03
  116.98000000     -0.12340000000E-02
  29.632600000      0.24121000000E-01
  18.510000000     -0.15564200000
  11.562000000      0.18853900000
  6.5950700000      0.27422700000
  4.0534000000     -0.12470800000
  2.1409000000     -0.47319000000
   1  s
  1.1816400000       1.0000000000
   1  s
 0.60037200000       1.0000000000
   1  s
 0.31996500000       1.0000000000
   1  s
 0.15876900000       1.0000000000
   1  s
 0.75451000000E-01   1.0000000000
   8  p
  569.64300000      0.11500000000E-03
  131.49600000      0.71700000000E-03
  32.384300000     -0.20270000000E-02
  20.225400000      0.53436000000E-01
  11.238100000     -0.19226400000
  6.6279400000     -0.95215000000E-01
  3.6478000000      0.36580800000
  1.9885300000      0.53643100000
   8  p
  569.64300000     -0.43000000000E-04
  131.49600000     -0.26000000000E-03
  32.384300000      0.34400000000E-03
  20.225400000     -0.18231000000E-01
  11.238100000      0.74014000000E-01
  6.6279400000      0.22016000000E-01
  3.6478000000     -0.14787300000
  1.9885300000     -0.24116600000
   1  p
  1.0636700000       1.0000000000
   1  p
 0.52430300000       1.0000000000
   1  p
 0.25538200000       1.0000000000
   1  p
 0.11975500000       1.0000000000
   1  p
 0.54199000000E-01   1.0000000000
   9  d
  578.80800000      0.26000000000E-04
  175.85300000      0.23400000000E-03
  68.829200000      0.11770000000E-02
  28.735400000      0.54620000000E-02
  12.316600000     -0.27530000000E-01
  7.6114300000      0.20976000000E-01
  4.7045200000      0.17684200000
  2.7946500000      0.31947900000
  1.6164400000      0.33873100000
   1  d
 0.91421100000       1.0000000000
   1  d
 0.50473000000       1.0000000000
   1  d
 0.27628000000       1.0000000000
   1  d
 0.13920000000       1.0000000000
   1  f
 0.67390000000       1.0000000000
   1  f
 0.36310000000       1.0000000000
   1  f
 0.19560000000       1.0000000000
   1  g
 0.67210000000       1.0000000000
   1  g
 0.32260000000       1.0000000000
   1  h
 0.59080000000       1.0000000000
*
$ecp
*
i defpp-ecp
*
  ncore =    28           lmax =     4
#        coefficient   r^n          exponent
g
           0.0000000    2           1.0000000
s-g
          49.9896490    2          40.0333760
         281.0065560    2          17.3005760
          61.4167390    2           8.8517200
p-g
          67.4162390    2          15.7201410
         134.8076960    2          15.2082220
          14.5665480    2           8.2941860
          28.9684220    2           7.7539490
d-g
          35.5387560    2          13.8177510
          53.3397590    2          13.5878050
           9.7164660    2           6.9476300
          14.9775000    2           6.9600990
f-g
         -20.1766180    2          18.5229500
         -26.0880770    2          18.2510350
          -0.2204340    2           7.5579010
          -0.2216460    2           7.5974040
*
$end
