$coord
    2.90026795388520     -0.00000052534386     -5.69747461541936      cl
   -0.47308005699460      0.00002215514918     -5.71841832731793      c
   -1.09631211356551      0.00003426451424     -7.66791464396541      h
   -1.11941192361321     -1.67629301035767     -4.73964978326052      h
   -1.11939341374574      1.67633323695786     -4.73963175527321      h
$redundant
     number_of_atoms             5
     degrees_of_freedom          9
     internal_coordinates        9
     frozen_coordinates          0
# definitions of redundant internals
   1 k  1.0000000000000 stre    2    5           val=   2.04591
   2 k  1.0000000000000 stre    2    4           val=   2.04591
   3 k  1.0000000000000 stre    2    3           val=   2.04669
   4 k  1.0000000000000 stre    2    1           val=   3.37341
   5 k -0.3697586981752 bend    4    5    2      val=   1.47177
       -0.4115134622308 bend    3    5    2
       -0.4115065363244 bend    3    4    2
        0.4231572551427 bend    1    5    2
        0.4231589897011 bend    1    4    2
        0.4080097461386 bend    1    3    2
   6 k  0.0005542483275 bend    4    5    2      val=  -0.00009
        0.6466439932199 bend    3    5    2
       -0.6471709958468 bend    3    4    2
        0.2856140389546 bend    1    5    2
       -0.2853865759713 bend    1    4    2
       -0.0002529495503 bend    1    3    2
   7 k  0.7605124480264 bend    4    5    2      val=  -0.05587
       -0.3574373225105 bend    3    5    2
       -0.3564896366664 bend    3    4    2
        0.1521652169563 bend    1    5    2
        0.1525819440007 bend    1    4    2
       -0.3468991394289 bend    1    3    2
   8 k -0.3328395606655 bend    4    5    2      val=   0.57180
        0.1666428718315 bend    3    5    2
        0.1666797646475 bend    3    4    2
        0.3750230645728 bend    1    5    2
        0.3749429598517 bend    1    4    2
       -0.7432639598937 bend    1    3    2
   9 k -0.0000202196034 bend    4    5    2      val=   0.00005
        0.2855101775398 bend    3    5    2
       -0.2854905882636 bend    3    4    2
       -0.6468836749132 bend    1    5    2
        0.6469316587695 bend    1    4    2
       -0.0000462359051 bend    1    3    2
         9 non zero eigenvalues  of BmBt
           1           3.286925842    1    0
         1
           2           3.141075650    2    0
         2
           3           3.118081969    3    0
         3
           4           1.000000000    4    0
         4
           5           0.727260520    5    0
         5
           6           0.726681841    6    0
         6
           7           0.691805751    7    0
         7
           8           0.457394718    8    0
         8
           9           0.455631595    9    0
         9
$user-defined bonds
$end
