$coord
   -6.98551043770303      0.00028910353189     -6.83819614915362       o
   -9.15381403123328      0.00367392050988     -6.06869569374853       c
  -11.34421035440158     -0.00104378645005     -7.91016108413536       c
   -9.69846402998881      0.01260673152908     -3.26027633464599       c
  -11.18295191844706      1.65030363330826     -9.12623190607167       h
  -11.18499718982767     -1.66050042922541     -9.11538361573185       h
  -13.17748539393874      0.00309493109948     -6.99015868777895       h
  -11.70320705515931      0.01522221265247     -2.82569346662572       h
   -8.81092408613629     -1.63861197898232     -2.41280431446028       h
   -8.80878417727095      1.66781394525969     -2.42292515472525       h
$end
