$basis
*
s def2-QZVP
# s     (20s14p4d2f1g) / [9s6p4d2f1g]     {*31111111/821111/1111/11/1}
*
  10  s
  1273410.9023      0.11767088246E-04
  190697.83007      0.91478610166E-04
  43397.885330      0.48090078640E-03
  12291.809677      0.20257193592E-02
  4009.7420824      0.73190096406E-02
  1447.3531030      0.23300499900E-01
  564.30102913      0.65386213610E-01
  233.74506243      0.15614449910
  101.56402814      0.29318563787
  45.805907187      0.36287914289
   3  s
  394.27281503      0.18753305081E-01
  121.72249591      0.16870726663
  46.754125963      0.63806830653
   1  s
  20.923008254       1.0000000000
   1  s
  8.2685567800       1.0000000000
   1  s
  3.8629345671       1.0000000000
   1  s
  1.7794684781       1.0000000000
   1  s
 0.61064260103       1.0000000000
   1  s
 0.27412269445       1.0000000000
   1  s
 0.11325939107       1.0000000000
   8  p
  2189.8930459      0.23912552864E-03
  518.94596592      0.20772032158E-02
  168.19560151      0.11242420571E-01
  63.745282788      0.44069933941E-01
  26.597033077      0.12918778608
  11.774251449      0.26910820167
  5.3534379024      0.37855928620
  2.4701911802      0.29692134655
   2  p
  82.120288349     -0.39420318847E-01
  4.9523532869      0.64048403090
   1  p
  1.0828262029       1.0000000000
   1  p
 0.49271277356       1.0000000000
   1  p
 0.20483450942       1.0000000000
   1  p
 0.80743615716E-01   1.0000000000
   1  d
  4.1590000000       1.0000000000
   1  d
  1.0190000000       1.0000000000
   1  d
 0.46400000000       1.0000000000
   1  d
 0.19400000000       1.0000000000
   1  f
 0.33500000000       1.0000000000
   1  f
 0.86900000000       1.0000000000
   1  g
 0.68300000000       1.0000000000
*
h def2-QZVP
# h     (7s3p2d1f) / [4s3p2d1f]     {4111/111/11/1}
*
   4  s
  190.69169000      0.70815167000E-03
  28.605532000      0.54678827000E-02
  6.5095943000      0.27966605000E-01
  1.8412455000      0.10764538000
   1  s
 0.59853725000       1.0000000000
   1  s
 0.21397624000       1.0000000000
   1  s
 0.80316286000E-01   1.0000000000
   1  p
  2.2920000000       1.0000000000
   1  p
 0.83800000000       1.0000000000
   1  p
 0.29200000000       1.0000000000
   1  d
  2.0620000000       1.0000000000
   1  d
 0.66200000000       1.0000000000
   1  f
  1.3970000000       1.0000000000
*
c def2-QZVP
# c     (15s8p3d2f1g) / [7s4p3d2f1g]     {8211111/5111/111/11/1}
*
   8  s
  67025.071029      0.38736308501E-04
  10039.986538      0.30107917575E-03
  2284.9316911      0.15787918095E-02
  647.14122130      0.66087087195E-02
  211.09472335      0.23367123250E-01
  76.177643862      0.70420716898E-01
  29.633839163      0.17360344953
  12.187785081      0.32292305648
   2  s
  53.026006299      0.74897404492E-01
  15.258502776      0.76136220983
   1  s
  5.2403957464       1.0000000000
   1  s
  2.2905022379       1.0000000000
   1  s
 0.69673283006       1.0000000000
   1  s
 0.27599337363       1.0000000000
   1  s
 0.10739884389       1.0000000000
   5  p
  105.12555082      0.84647553844E-03
  24.884461066      0.66274038534E-02
  7.8637230826      0.30120390419E-01
  2.8407001835      0.99951435476E-01
  1.1227137335      0.23826299282
   1  p
 0.46050725555       1.0000000000
   1  p
 0.18937530913       1.0000000000
   1  p
 0.75983791611E-01   1.0000000000
   1  d
  1.8480000000       1.0000000000
   1  d
 0.64900000000       1.0000000000
   1  d
 0.22800000000       1.0000000000
   1  f
  1.4190000000       1.0000000000
   1  f
 0.48500000000       1.0000000000
   1  g
  1.0110000000       1.0000000000
*
$end
