$jbas
*
cl universal
# cl    (14s5p5d2f1g) / [8s4p3d1f1g]     {71111111/2111/311/2/1}
*
   7  s
  8044.2766240      0.83066050000
  2924.5123954       1.6146203000
  1110.8168739       5.0051398000
  439.90507610       9.9863273000
  181.19872870       11.344397000
  77.414830200       2.6726629000
  34.197727300      -1.6043227000
   1  s
  15.564839700       5.7539291000
   1  s
  7.2707873000       6.0638907000
   1  s
  3.4711900000     -0.31993260000
   1  s
  1.6860808000     -0.39473200000
   1  s
 0.82931250000      0.93340360000
   1  s
 0.41101240000      0.48641750000
   1  s
 0.20421900000      0.78177800000E-01
   2  p
  12.256499300      0.56308600000E-01
  4.8922575000     -0.56300700000E-01
   1  p
  1.9265460000      0.46922200000E-01
   1  p
 0.75259890000     -0.71758000000E-02
   1  p
 0.29321890000     -0.16232500000E-01
   3  d
  28.437050400     -0.26540400000E-01
  7.2772298000      0.13484800000E-01
  2.3111621000     -0.13645200000E-01
   1  d
 0.85809430000     -0.13160800000E-01
   1  d
 0.33762270000     -0.45372000000E-02
   2  f
  1.2035685000       1.0000000000
 0.47000000000       1.0000000000
   1  g
 0.75211000000     -0.26699000000E-02
*
$cbas
*
cl cc-pV6Z
# cl    (13s13p11d9f7g5h3i1k) / [13s13p11d9f7g5h3i1k]
# {1111111111111/1111111111111/11111111111/111111111/1111111/11111/111/1}
*
   1  s
  2213.4300000       1.0000000000
   1  s
  489.14700000       1.0000000000
   1  s
  98.609100000       1.0000000000
   1  s
  48.138100000       1.0000000000
   1  s
  17.886300000       1.0000000000
   1  s
  10.466800000       1.0000000000
   1  s
  4.4900600000       1.0000000000
   1  s
  3.0904100000       1.0000000000
   1  s
  1.9029800000       1.0000000000
   1  s
  1.0281800000       1.0000000000
   1  s
 0.54990600000       1.0000000000
   1  s
 0.30246700000       1.0000000000
   1  s
 0.15292700000       1.0000000000
   1  p
  484.60000000       1.0000000000
   1  p
  141.37500000       1.0000000000
   1  p
  51.574600000       1.0000000000
   1  p
  24.779500000       1.0000000000
   1  p
  14.014800000       1.0000000000
   1  p
  6.5027100000       1.0000000000
   1  p
  3.4978500000       1.0000000000
   1  p
  2.3982400000       1.0000000000
   1  p
  1.5000000000       1.0000000000
   1  p
 0.95096500000       1.0000000000
   1  p
 0.60089200000       1.0000000000
   1  p
 0.34039400000       1.0000000000
   1  p
 0.19016900000       1.0000000000
   1  d
  144.17200000       1.0000000000
   1  d
  47.331000000       1.0000000000
   1  d
  19.188800000       1.0000000000
   1  d
  8.7384000000       1.0000000000
   1  d
  4.3913400000       1.0000000000
   1  d
  2.3072500000       1.0000000000
   1  d
  1.6173000000       1.0000000000
   1  d
  1.0623200000       1.0000000000
   1  d
 0.73650700000       1.0000000000
   1  d
 0.37613400000       1.0000000000
   1  d
 0.17785300000       1.0000000000
   1  f
  41.974400000       1.0000000000
   1  f
  21.015500000       1.0000000000
   1  f
  9.2348800000       1.0000000000
   1  f
  4.4773000000       1.0000000000
   1  f
  2.4366400000       1.0000000000
   1  f
  1.6702900000       1.0000000000
   1  f
 0.94437500000       1.0000000000
   1  f
 0.63302200000       1.0000000000
   1  f
 0.37671300000       1.0000000000
   1  g
  13.647100000       1.0000000000
   1  g
  6.1194000000       1.0000000000
   1  g
  3.1453600000       1.0000000000
   1  g
  1.9612100000       1.0000000000
   1  g
  1.1529300000       1.0000000000
   1  g
 0.72283600000       1.0000000000
   1  g
 0.48486400000       1.0000000000
   1  h
  6.3898800000       1.0000000000
   1  h
  3.1844700000       1.0000000000
   1  h
  1.8256100000       1.0000000000
   1  h
  1.1496400000       1.0000000000
   1  h
 0.62652200000       1.0000000000
   1  i
  4.0835800000       1.0000000000
   1  i
  1.9428500000       1.0000000000
   1  i
  1.0689200000       1.0000000000
   1  k
  1.6914100000       1.0000000000
*
$end
