$basis
*
cl cc-pV6Z
# cl    (53s23p5d4f3g2h1i) / [8s7p5d4f3g2h1i]
# {(16)(16)(16)11111/9911111/11111/1111/111/11/1}
*
  16  s
  7733000.0000      0.14347400000E-05
  1158000.0000      0.11148600000E-04
  263700.00000      0.58586500000E-04
  75010.000000      0.24451800000E-03
  24890.000000      0.85828700000E-03
  9318.0000000      0.26101900000E-02
  3840.0000000      0.71378400000E-02
  1684.0000000      0.18456400000E-01
  766.30000000      0.44894400000E-01
  359.50000000      0.99382200000E-01
  173.40000000      0.19078200000
  85.610000000      0.29356500000
  42.930000000      0.30647700000
  21.550000000      0.16220900000
  10.050000000      0.24938300000E-01
  4.9780000000     -0.51314200000E-03
  16  s
  7733000.0000     -0.40222700000E-06
  1158000.0000     -0.31244800000E-05
  263700.00000     -0.16429000000E-04
  75010.000000     -0.68542100000E-04
  24890.000000     -0.24100100000E-03
  9318.0000000     -0.73353800000E-03
  3840.0000000     -0.20183000000E-02
  1684.0000000     -0.52610700000E-02
  766.30000000     -0.13098600000E-01
  359.50000000     -0.30179400000E-01
  173.40000000     -0.63188800000E-01
  85.610000000     -0.11385900000
  42.930000000     -0.16125100000
  21.550000000     -0.10923400000
  10.050000000      0.16299900000
  4.9780000000      0.50141300000
  16  s
  7733000.0000      0.12169600000E-06
  1158000.0000      0.94514100000E-06
  263700.00000      0.49711900000E-05
  75010.000000      0.20732300000E-04
  24890.000000      0.72940200000E-04
  9318.0000000      0.22189900000E-03
  3840.0000000      0.61135500000E-03
  1684.0000000      0.15933700000E-02
  766.30000000      0.39800100000E-02
  359.50000000      0.91937500000E-02
  173.40000000      0.19439900000E-01
  85.610000000      0.35518700000E-01
  42.930000000      0.52067400000E-01
  21.550000000      0.36564400000E-01
  10.050000000     -0.59750000000E-01
  4.9780000000     -0.23164100000
   1  s
  2.4780000000       1.0000000000
   1  s
  1.1800000000       1.0000000000
   1  s
 0.58280000000       1.0000000000
   1  s
 0.26680000000       1.0000000000
   1  s
 0.11830000000       1.0000000000
   9  p
  6091.0000000      0.51619400000E-04
  1442.0000000      0.45846800000E-03
  468.30000000      0.26150900000E-02
  179.00000000      0.11255400000E-01
  75.610000000      0.38457700000E-01
  34.220000000      0.10508100000
  16.230000000      0.21860300000
  7.8900000000      0.33087400000
  3.8980000000      0.32587900000
   9  p
  6091.0000000     -0.13925900000E-04
  1442.0000000     -0.12332400000E-03
  468.30000000     -0.70755100000E-03
  179.00000000     -0.30493900000E-02
  75.610000000     -0.10575200000E-01
  34.220000000     -0.29409400000E-01
  16.230000000     -0.63229600000E-01
  7.8900000000     -0.98187000000E-01
  3.8980000000     -0.10587000000
   1  p
  1.9330000000       1.0000000000
   1  p
 0.90570000000       1.0000000000
   1  p
 0.41400000000       1.0000000000
   1  p
 0.18360000000       1.0000000000
   1  p
 0.78590000000E-01   1.0000000000
   1  d
  6.2428000000       1.0000000000
   1  d
  2.6906000000       1.0000000000
   1  d
  1.1596000000       1.0000000000
   1  d
 0.49980000000       1.0000000000
   1  d
 0.21540000000       1.0000000000
   1  f
  2.5327000000       1.0000000000
   1  f
  1.2406000000       1.0000000000
   1  f
 0.60770000000       1.0000000000
   1  f
 0.29770000000       1.0000000000
   1  g
  1.5388000000       1.0000000000
   1  g
 0.80500000000       1.0000000000
   1  g
 0.42120000000       1.0000000000
   1  h
  1.5613000000       1.0000000000
   1  h
 0.73970000000       1.0000000000
   1  i
  1.2572000000       1.0000000000
*
$end
