$coord
   -0.42313424759282      0.00398543241426      0.24075866823416       c
   -0.43379419270843      0.00239050355810      2.87346464533419       c
    1.82560016629230     -0.00396842487906      4.22491551735029       c
    4.11283208095657     -0.00876077035206      2.92130495211432       c
    4.14623865953372     -0.00721497437536      0.28841567157941       c
    1.87494658480034     -0.00084848703367     -1.04364661031329       c
   -3.53234600745676      0.00882313131444      4.62262161009900      br
    1.78869003546478     -0.00516651124731      6.26680806763428       h
    5.86714610833803     -0.01369673501116      3.96994421887069       h
    5.92516636979602     -0.01093962458327     -0.71565062488059       h
    1.88383018735104      0.00038739385724     -3.08746668125282       h
   -2.19024739007231      0.00891005871656     -0.78291920603292       h
$end
