$jbas
*
br universal
# br    (19s5p5d3f1g) / [8s4p3d2f1g]     {(12)1111111/2111/311/21/1}
*
  12  s
  181929.69074      0.97038200000
  21782.506235       3.1341819000
  7843.2391724       11.044380100
  2608.0271777       24.691677800
  1564.9696465       12.312394800
  920.57035450       24.628439800
  552.39633800       16.266864600
  191.14059070      -3.1865943000
  108.04844260       5.1797612000
  64.835418300       25.841969100
  38.138480300       15.577103000
  22.434399500      -9.1953776000
   1  s
  13.196705200      -1.3048405000
   1  s
  7.9187991000       8.5738870000
   1  s
  4.6581170000       9.2928352000
   1  s
  2.6331523000      0.56173680000
   1  s
 0.55771800000      0.86005210000
   1  s
 0.31526830000      0.25960040000
   1  s
 0.18545190000      0.72146300000E-01
   2  p
  8.4481854000      0.13469000000E-01
  3.0812881000     -0.38977700000E-01
   1  p
  1.1536778000      0.50045300000E-01
   1  p
 0.43894780000     -0.87970000000E-02
   1  p
 0.16791580000      0.62473000000E-02
   3  d
  8.7933629000     -0.19441100000E-01
  3.5598266000      0.20120400000E-01
  1.4866514000     -0.15826700000E-01
   1  d
 0.63284840000     -0.10389600000E-01
   1  d
 0.27114150000     -0.13798800000E-01
   2  f
  3.4681858000     -0.29576000000E-02
 0.87080070000      0.12409400000E-01
   1  f
 0.21864270000      0.49360000000E-03
   1  g
  1.1078575000     -0.27251000000E-02
*
$cbas
*
br cc-pVTZ
# br    (10s9p8d6f4g1h) / [10s9p8d6f4g1h]
# {1111111111/111111111/11111111/111111/1111/1}
*
   1  s
  88.460152449       1.0000000000
   1  s
  40.086601172       1.0000000000
   1  s
  16.556201440       1.0000000000
   1  s
  6.7634903641       1.0000000000
   1  s
  4.2786701602       1.0000000000
   1  s
  1.6802055793       1.0000000000
   1  s
 0.88211827378       1.0000000000
   1  s
 0.49925377942       1.0000000000
   1  s
 0.29251721237       1.0000000000
   1  s
 0.15714688728       1.0000000000
   1  p
  55.806131262       1.0000000000
   1  p
  35.437022250       1.0000000000
   1  p
  8.2568888687       1.0000000000
   1  p
 0.53965836504       1.0000000000
   1  p
 0.28558290858       1.0000000000
   1  p
 0.15480835338       1.0000000000
   1  d
  141.00006735       1.0000000000
   1  d
  44.092417032       1.0000000000
   1  d
  10.858957210       1.0000000000
   1  d
  3.5140967325       1.0000000000
   1  d
  2.0222091088       1.0000000000
   1  d
 0.99425037270       1.0000000000
   1  d
 0.53298534444       1.0000000000
   1  d
 0.22970761673       1.0000000000
   1  p
  3.7113008778       1.0000000000
   1  p
  1.3894273133       1.0000000000
   1  p
 0.94947629238       1.0000000000
   1  f
  104.05502174       1.0000000000
   1  f
  13.115209595       1.0000000000
   1  f
  3.2518427019       1.0000000000
   1  f
  1.8591285300       1.0000000000
   1  f
 0.95296617197       1.0000000000
   1  f
 0.46349452136       1.0000000000
   1  g
  33.241749958       1.0000000000
   1  g
  11.851337488       1.0000000000
   1  g
  2.5075642180       1.0000000000
   1  g
 0.85734023621       1.0000000000
   1  h
  2.3045368077       1.0000000000
*
$end
