$basis
*
s cc-pVTZ
# s     (41s16p2d1f) / [5s4p2d1f]     {(13)(13)(13)11/7711/11/1}
*
  13  s
  374100.00000      0.54210000000E-04
  56050.000000      0.42086000000E-03
  12760.000000      0.22069800000E-02
  3615.0000000      0.91925800000E-02
  1183.0000000      0.32112300000E-01
  428.80000000      0.94668300000E-01
  167.80000000      0.22363000000
  69.470000000      0.37439300000
  29.840000000      0.32910800000
  12.720000000      0.84703800000E-01
  5.2440000000      0.44085000000E-03
  2.2190000000      0.16482700000E-02
 0.34900000000      0.30131000000E-03
  13  s
  374100.00000     -0.14980000000E-04
  56050.000000     -0.11620000000E-03
  12760.000000     -0.61158000000E-03
  3615.0000000     -0.25537000000E-02
  1183.0000000     -0.90870800000E-02
  428.80000000     -0.27704500000E-01
  167.80000000     -0.72002000000E-01
  69.470000000     -0.14643900000
  29.840000000     -0.19515000000
  12.720000000      0.81919300000E-02
  5.2440000000      0.51660100000
  2.2190000000      0.54217800000
 0.34900000000     -0.91807200000E-02
  13  s
  374100.00000      0.43500000000E-05
  56050.000000      0.33710000000E-04
  12760.000000      0.17767000000E-03
  3615.0000000      0.74112000000E-03
  1183.0000000      0.26459100000E-02
  428.80000000      0.80748700000E-02
  167.80000000      0.21227600000E-01
  69.470000000      0.43832300000E-01
  29.840000000      0.61271600000E-01
  12.720000000     -0.36151000000E-02
  5.2440000000     -0.20451000000
  2.2190000000     -0.38187100000
 0.34900000000      0.71414700000
   1  s
 0.77670000000       1.0000000000
   1  s
 0.13220000000       1.0000000000
   7  p
  574.40000000      0.24226400000E-02
  135.80000000      0.19279600000E-01
  43.190000000      0.88540100000E-01
  15.870000000      0.25465400000
  6.2080000000      0.43398400000
  2.4830000000      0.35495300000
 0.32290000000     -0.50297700000E-02
   7  p
  574.40000000     -0.62010000000E-03
  135.80000000     -0.49388200000E-02
  43.190000000     -0.23264700000E-01
  15.870000000     -0.68519500000E-01
  6.2080000000     -0.12389600000
  2.4830000000     -0.96949900000E-01
 0.32290000000      0.56939400000
   1  p
 0.86880000000       1.0000000000
   1  p
 0.10980000000       1.0000000000
   1  d
 0.26900000000       1.0000000000
   1  d
 0.81900000000       1.0000000000
   1  f
 0.55700000000       1.0000000000
*
h cc-pVTZ
# h     (5s2p1d) / [3s2p1d]     {311/11/1}
*
   3  s
  33.870000000      0.60680000000E-02
  5.0950000000      0.45308000000E-01
  1.1590000000      0.20282200000
   1  s
 0.32580000000       1.0000000000
   1  s
 0.10270000000       1.0000000000
   1  p
  1.4070000000       1.0000000000
   1  p
 0.38800000000       1.0000000000
   1  d
  1.0570000000       1.0000000000
*
c cc-pVTZ
# c     (18s5p2d1f) / [4s3p2d1f]     {8811/311/11/1}
*
   8  s
  8236.0000000      0.53100000000E-03
  1235.0000000      0.41080000000E-02
  280.80000000      0.21087000000E-01
  79.270000000      0.81853000000E-01
  25.590000000      0.23481700000
  8.9970000000      0.43440100000
  3.3190000000      0.34612900000
 0.36430000000     -0.89830000000E-02
   8  s
  8236.0000000     -0.11300000000E-03
  1235.0000000     -0.87800000000E-03
  280.80000000     -0.45400000000E-02
  79.270000000     -0.18133000000E-01
  25.590000000     -0.55760000000E-01
  8.9970000000     -0.12689500000
  3.3190000000     -0.17035200000
 0.36430000000      0.59868400000
   1  s
 0.90590000000       1.0000000000
   1  s
 0.12850000000       1.0000000000
   3  p
  18.710000000      0.14031000000E-01
  4.1330000000      0.86866000000E-01
  1.2000000000      0.29021600000
   1  p
 0.38270000000       1.0000000000
   1  p
 0.12090000000       1.0000000000
   1  d
  1.0970000000       1.0000000000
   1  d
 0.31800000000       1.0000000000
   1  f
 0.76100000000       1.0000000000
*
$end
