$basis
*
i cc-pVQZ-PP
# i     (24s18p12d2f1g) / [6s6p4d2f1g]     {**1111/771111/9111/11/1}
*
  10  s
  16900.000000      0.40000000000E-04
  2541.3900000      0.29400000000E-03
  574.41300000      0.12140000000E-02
  150.94500000      0.25960000000E-02
  29.163100000     -0.53623000000E-01
  18.219600000      0.34391700000
  11.336500000     -0.36742700000
  6.9240800000     -0.53890400000
  2.5098100000      0.70956700000
  1.3511300000      0.62806100000
  10  s
  16900.000000      0.19000000000E-04
  2541.3900000      0.14200000000E-03
  574.41300000      0.59200000000E-03
  150.94500000      0.12430000000E-02
  29.163100000     -0.22721000000E-01
  18.219600000      0.15770800000
  11.336500000     -0.20009200000
  6.9240800000     -0.21615200000
  2.5098100000      0.41343900000
  1.3511300000      0.53458500000
   1  s
 0.61637900000       1.0000000000
   1  s
 0.38345500000       1.0000000000
   1  s
 0.18005600000       1.0000000000
   1  s
 0.82327000000E-01   1.0000000000
   7  p
  649.15900000      0.95000000000E-04
  148.08700000      0.62900000000E-03
  20.101800000      0.45324000000E-01
  10.446600000     -0.23023100000
  6.3588300000     -0.49600000000E-02
  3.0484600000      0.51392700000
  1.5595000000      0.50609300000
   7  p
  649.15900000     -0.32000000000E-04
  148.08700000     -0.25300000000E-03
  20.101800000     -0.16098000000E-01
  10.446600000      0.89910000000E-01
  6.3588300000     -0.15655000000E-01
  3.0484600000     -0.20778300000
  1.5595000000     -0.24808100000
   1  p
 0.76891100000       1.0000000000
   1  p
 0.35481400000       1.0000000000
   1  p
 0.15476600000       1.0000000000
   1  p
 0.64699000000E-01   1.0000000000
   9  d
  585.44500000      0.25000000000E-04
  177.46800000      0.23100000000E-03
  69.219300000      0.11730000000E-02
  28.639200000      0.55840000000E-02
  12.715300000     -0.23830000000E-01
  5.4792700000      0.11681400000
  3.3549300000      0.27273100000
  1.9842300000      0.34017400000
  1.1525400000      0.26869900000
   1  d
 0.65101700000       1.0000000000
   1  d
 0.34744500000       1.0000000000
   1  d
 0.15470000000       1.0000000000
   1  f
 0.58650000000       1.0000000000
   1  f
 0.24940000000       1.0000000000
   1  g
 0.47300000000       1.0000000000
*
$ecp
*
i defpp-ecp
*
  ncore =    28           lmax =     4
#        coefficient   r^n          exponent
g
           0.0000000    2           1.0000000
s-g
          49.9896490    2          40.0333760
         281.0065560    2          17.3005760
          61.4167390    2           8.8517200
p-g
          67.4162390    2          15.7201410
         134.8076960    2          15.2082220
          14.5665480    2           8.2941860
          28.9684220    2           7.7539490
d-g
          35.5387560    2          13.8177510
          53.3397590    2          13.5878050
           9.7164660    2           6.9476300
          14.9775000    2           6.9600990
f-g
         -20.1766180    2          18.5229500
         -26.0880770    2          18.2510350
          -0.2204340    2           7.5579010
          -0.2216460    2           7.5974040
*
$end
