$basis
*
cl def2-QZVP
# cl    (20s14p4d2f1g) / [9s6p4d2f1g]     {*31111111/821111/1111/11/1}
*
  10  s
  1467459.0095      0.11478257194E-04
  219756.16433      0.89234299775E-04
  50010.770301      0.46911086186E-03
  14164.823918      0.19762446133E-02
  4620.7465525      0.71419937783E-02
  1667.8991635      0.22753219445E-01
  650.29199265      0.63959782953E-01
  269.38037376      0.15331059238
  117.06752106      0.28986952417
  52.811766843      0.36348071452
   3  s
  461.42769988      0.18019457578E-01
  142.12665355      0.16489442314
  54.437838768      0.63891587584
   1  s
  24.160770219       1.0000000000
   1  s
  9.7083540306       1.0000000000
   1  s
  4.5640696733       1.0000000000
   1  s
  2.1194744832       1.0000000000
   1  s
 0.75722365394       1.0000000000
   1  s
 0.33747224597       1.0000000000
   1  s
 0.13860775149       1.0000000000
   8  p
  2501.9457890      0.24242618410E-03
  592.88059285      0.21079961749E-02
  192.18089186      0.11432693869E-01
  72.875710488      0.44956698060E-01
  30.436358370      0.13197476145
  13.490178902      0.27493639225
  6.1478071413      0.38347236372
  2.8450944820      0.28871943885
   2  p
  105.39397936     -0.34311760144E-01
  6.7369738513      0.64060818902
   1  p
  1.2421095772       1.0000000000
   1  p
 0.55669714254       1.0000000000
   1  p
 0.23387801464       1.0000000000
   1  p
 0.93164490890E-01   1.0000000000
   1  d
  5.1910000000       1.0000000000
   1  d
  1.2760000000       1.0000000000
   1  d
 0.58300000000       1.0000000000
   1  d
 0.24300000000       1.0000000000
   1  f
 0.42300000000       1.0000000000
   1  f
  1.0890000000       1.0000000000
   1  g
 0.82700000000       1.0000000000
*
$end
