$coord
    0.33979231546859     -0.14588223140920     -0.22303424653242       c
    3.25539243005212      0.75405977529385      1.18689181961090      cl
    0.24634601960154     -2.19033621098001     -0.29308993373554       h
   -1.19142922402103      0.59401412966662      0.91747534118796       h
    0.25503585908320      0.63447210792507     -2.11439189148243       h
    9.25494406505048      1.65700409950832      2.62712790428796       o
    9.81610707090109      0.45033511861740      0.76563532295645       c
   11.79982107059703      0.10298270997953      0.24257186045867       h
    8.37164866908011     -0.35655413524468     -0.49167588621827       h
$end
