$basis
*
c cc-pVTZ
# c     (18s5p2d1f) / [4s3p2d1f]     {8811/311/11/1}
*
   8  s
  8236.0000000      0.53100000000E-03
  1235.0000000      0.41080000000E-02
  280.80000000      0.21087000000E-01
  79.270000000      0.81853000000E-01
  25.590000000      0.23481700000
  8.9970000000      0.43440100000
  3.3190000000      0.34612900000
 0.36430000000     -0.89830000000E-02
   8  s
  8236.0000000     -0.11300000000E-03
  1235.0000000     -0.87800000000E-03
  280.80000000     -0.45400000000E-02
  79.270000000     -0.18133000000E-01
  25.590000000     -0.55760000000E-01
  8.9970000000     -0.12689500000
  3.3190000000     -0.17035200000
 0.36430000000      0.59868400000
   1  s
 0.90590000000       1.0000000000
   1  s
 0.12850000000       1.0000000000
   3  p
  18.710000000      0.14031000000E-01
  4.1330000000      0.86866000000E-01
  1.2000000000      0.29021600000
   1  p
 0.38270000000       1.0000000000
   1  p
 0.12090000000       1.0000000000
   1  d
  1.0970000000       1.0000000000
   1  d
 0.31800000000       1.0000000000
   1  f
 0.76100000000       1.0000000000
*
cl cc-pVTZ
# cl    (41s16p2d1f) / [5s4p2d1f]     {(13)(13)(13)11/7711/11/1}
*
  13  s
  456100.00000      0.49300000000E-04
  68330.000000      0.38303000000E-03
  15550.000000      0.20085400000E-02
  4405.0000000      0.83855800000E-02
  1439.0000000      0.29470300000E-01
  520.40000000      0.87832500000E-01
  203.10000000      0.21147300000
  83.960000000      0.36536400000
  36.200000000      0.34088400000
  15.830000000      0.10213300000
  6.3340000000      0.31167500000E-02
  2.6940000000      0.10575100000E-02
 0.43130000000      0.15614000000E-03
  13  s
  456100.00000     -0.13830000000E-04
  68330.000000     -0.10728000000E-03
  15550.000000     -0.56508000000E-03
  4405.0000000     -0.23613500000E-02
  1439.0000000     -0.84588600000E-02
  520.40000000     -0.25963800000E-01
  203.10000000     -0.68636200000E-01
  83.960000000     -0.14187400000
  36.200000000     -0.19931900000
  15.830000000     -0.19566200000E-01
  6.3340000000      0.49974100000
  2.6940000000      0.56373600000
 0.43130000000     -0.83509100000E-02
  13  s
  456100.00000      0.41900000000E-05
  68330.000000      0.32440000000E-04
  15550.000000      0.17111000000E-03
  4405.0000000      0.71418000000E-03
  1439.0000000      0.25670500000E-02
  520.40000000      0.78855200000E-02
  203.10000000      0.21086700000E-01
  83.960000000      0.44226400000E-01
  36.200000000      0.65167000000E-01
  15.830000000      0.60301200000E-02
  6.3340000000     -0.20649500000
  2.6940000000     -0.40587100000
 0.43130000000      0.72566100000
   1  s
 0.97680000000       1.0000000000
   1  s
 0.16250000000       1.0000000000
   7  p
  663.30000000      0.24044800000E-02
  156.80000000      0.19214800000E-01
  49.980000000      0.88509700000E-01
  18.420000000      0.25602000000
  7.2400000000      0.43692700000
  2.9220000000      0.35033400000
 0.38180000000     -0.45842300000E-02
   7  p
  663.30000000     -0.65215000000E-03
  156.80000000     -0.51944500000E-02
  49.980000000     -0.24693800000E-01
  18.420000000     -0.72816700000E-01
  7.2400000000     -0.13403000000
  2.9220000000     -0.94774200000E-01
 0.38180000000      0.56466700000
   1  p
  1.0220000000       1.0000000000
   1  p
 0.13010000000       1.0000000000
   1  d
  1.0460000000       1.0000000000
   1  d
 0.34400000000       1.0000000000
   1  f
 0.70600000000       1.0000000000
*
f cc-pVTZ
# f     (18s5p2d1f) / [4s3p2d1f]     {8811/311/11/1}
*
   8  s
  19500.000000      0.50700000000E-03
  2923.0000000      0.39230000000E-02
  664.50000000      0.20200000000E-01
  187.50000000      0.79010000000E-01
  60.620000000      0.23043900000
  21.420000000      0.43287200000
  7.9500000000      0.34996400000
 0.88150000000     -0.78920000000E-02
   8  s
  19500.000000     -0.11700000000E-03
  2923.0000000     -0.91200000000E-03
  664.50000000     -0.47170000000E-02
  187.50000000     -0.19086000000E-01
  60.620000000     -0.59655000000E-01
  21.420000000     -0.14001000000
  7.9500000000     -0.17678200000
 0.88150000000      0.60504300000
   1  s
  2.2570000000       1.0000000000
   1  s
 0.30410000000       1.0000000000
   3  p
  43.880000000      0.16665000000E-01
  9.9260000000      0.10447200000
  2.9300000000      0.31726000000
   1  p
 0.91320000000       1.0000000000
   1  p
 0.26720000000       1.0000000000
   1  d
  3.1070000000       1.0000000000
   1  d
 0.85500000000       1.0000000000
   1  f
  1.9170000000       1.0000000000
*
$end
