$basis
*
c def2-TZVP
# c     (11s6p2d1f) / [5s3p2d1f]     {62111/411/11/1}
*
   6  s
  13575.349682      0.22245814352E-03
  2035.2333680      0.17232738252E-02
  463.22562359      0.89255715314E-02
  131.20019598      0.35727984502E-01
  42.853015891      0.11076259931
  15.584185766      0.24295627626
   2  s
  6.2067138508      0.41440263448
  2.5764896527      0.23744968655
   1  s
 0.57696339419       1.0000000000
   1  s
 0.22972831358       1.0000000000
   1  s
 0.95164440028E-01   1.0000000000
   4  p
  34.697232244      0.53333657805E-02
  7.9582622826      0.35864109092E-01
  2.3780826883      0.14215873329
 0.81433208183      0.34270471845
   1  p
 0.28887547253      0.46445822433
   1  p
 0.10056823671      0.24955789874
   1  d
  1.0970000000       1.0000000000
   1  d
 0.31800000000       1.0000000000
   1  f
 0.76100000000       1.0000000000
*
i def2-TZVP
# i     (11s10p8d2f) / [6s5p3d2f]     {521111/34111/611/11}
*
   5  s
  5899.5791533      0.24188269271E-03
  898.54238765      0.15474041742E-02
  200.37237912      0.42836684457E-02
  31.418053840     -0.39417936275E-01
  15.645987838      0.96086691992
   2  s
  11.815741857      0.75961524091
  6.4614458287      0.42495501835
   1  s
  2.3838067579       1.0000000000
   1  s
  1.1712089662       1.0000000000
   1  s
 0.32115875757       1.0000000000
   1  s
 0.12387919364       1.0000000000
   3  p
  197.30030547      0.73951226905E-03
  20.061411349      0.66168450008E-01
  9.7631460485     -0.28554662348
   4  p
  12.984316904     -0.49096186164E-01
  3.6199503008      0.38914432482
  2.0232273090      0.65610817262
  1.0367490559      0.31803551647
   1  p
 0.45937816000       1.0000000000
   1  p
 0.19116532928       1.0000000000
   1  p
 0.74878813023E-01   1.0000000000
   6  d
  119.12671745      0.82596039573E-03
  33.404240134      0.68377675770E-02
  17.805918203     -0.10308158997E-01
  4.8990510353      0.22670457658
  2.4516753106      0.44180113937
  1.1820693432      0.36775472225
   1  d
 0.52923110068       1.0000000000
   1  d
 0.17000000000       1.0000000000
   1  f
 0.44141808000       1.0000000000
   1  f
  2.1800000000       1.0000000000
*
h def2-TZVP
# h     (5s1p) / [3s1p]     {311/1}
*
   3  s
  34.061341000      0.60251978000E-02
  5.1235746000      0.45021094000E-01
  1.1646626000      0.20189726000
   1  s
 0.32723041000       1.0000000000
   1  s
 0.10307241000       1.0000000000
   1  p
 0.80000000000       1.0000000000
*
$ecp
*
i def2-ecp
*
  ncore =    28           lmax =     3
#        coefficient   r^n          exponent
f
         -21.8420400    2          19.4586090
         -28.4681910    2          19.3492600
          -0.2437130    2           4.8237670
          -0.3208040    2           4.8843150
s-f
          49.9942930    2          40.0158350
         281.0253170    2          17.4297470
          61.5733260    2           9.0054840
          21.8420400    2          19.4586090
          28.4681910    2          19.3492600
           0.2437130    2           4.8237670
           0.3208040    2           4.8843150
p-f
          67.4428410    2          15.3554660
         134.8811370    2          14.9718330
          14.6750510    2           8.9601640
          29.3756660    2           8.2590960
          21.8420400    2          19.4586090
          28.4681910    2          19.3492600
           0.2437130    2           4.8237670
           0.3208040    2           4.8843150
d-f
          35.4395290    2          15.0689080
          53.1760570    2          14.5553220
           9.0671950    2           6.7186470
          13.2069370    2           6.4563930
           0.0893350    2           1.1917790
           0.0523800    2           1.2911570
          21.8420400    2          19.4586090
          28.4681910    2          19.3492600
           0.2437130    2           4.8237670
           0.3208040    2           4.8843150
*
$end
