$coord
    1.96019024092868      0.00101856238563     -1.10001336140500      c
   -0.33351209601459     -0.00051211578201      0.19410321973935      c
   -0.34614869466519     -0.00097887813683      2.83106108063837      c
    1.92729388840741      0.00007558904532      4.16717115590770      c
    4.21147389536707      0.00160248776069      2.85633049848731      c
    4.23629922757479      0.00207113984164      0.22350357891478      c
   -3.78714912031053     -0.00320497552137      4.78927844748432      i
    1.91458925961602     -0.00025511302794      6.21010116583865      h
    5.96986217229103      0.00241695972396      3.89893020052298      h
    6.01197093971012      0.00324088031790     -0.78691030762558      h
    1.96207051843090      0.00137761035087     -3.14425673099830      h
   -2.09628075811458     -0.00130013157943     -0.83853195639761      h
$redundant
     number_of_atoms            12
     degrees_of_freedom         30
     internal_coordinates       30
     frozen_coordinates          0
# definitions of redundant internals
   1 k  1.0000000000000 stre    3    7           val=   3.95918
   2 k  0.7071067811866 bend    2    7    3      val=   0.00223
       -0.7071067811865 bend    4    7    3
   3 k  1.0000000000000 outp    7    4    2    3 val=   0.00092
   4 k  1.0000000000000 stre    4    8           val=   2.04297
   5 k  0.7071067811868 bend    5    8    4      val=   0.06014
       -0.7071067811863 bend    3    8    4
   6 k  1.0000000000000 outp    8    3    5    4 val=  -0.00102
   7 k  1.0000000000000 stre    5    9           val=   2.04425
   8 k  0.7071067811866 bend    6    9    5      val=   0.32010
       -0.7071067811865 bend    4    9    5
   9 k  1.0000000000000 outp    9    4    6    5 val=   0.00019
  10 k  1.0000000000000 stre    6   10           val=   2.04302
  11 k -0.7071067811865 bend    1   10    6      val=  -0.00001
        0.7071067811865 bend    5   10    6
  12 k  1.0000000000000 outp   10    5    1    6 val=   0.00012
  13 k  1.0000000000000 stre    1   11           val=   2.04424
  14 k  0.7071067811866 bend    6   11    1      val=   0.31998
       -0.7071067811865 bend    2   11    1
  15 k  1.0000000000000 outp   11    2    6    1 val=  -0.00021
  16 k  1.0000000000000 stre    2   12           val=   2.04296
  17 k  0.7071067811868 bend    1   12    2      val=   0.05945
       -0.7071067811863 bend    3   12    2
  18 k  1.0000000000000 outp   12    3    1    2 val=   0.00098
  19 k  1.0000000000000 stre    1    6           val=   2.63294
  20 k  1.0000000000000 stre    6    5           val=   2.63294
  21 k  1.0000000000000 stre    5    4           val=   2.63359
  22 k  1.0000000000000 stre    4    3           val=   2.63699
  23 k  1.0000000000000 stre    3    2           val=   2.63699
  24 k  1.0000000000000 stre    2    1           val=   2.63359
  25 k -0.5000000000000 bend    1    5    6      val=   0.03654
       -0.5000000000000 bend    6    4    5
        1.0000000000000 bend    5    3    4
       -0.5000000000000 bend    4    2    3
       -0.5000000000000 bend    3    1    2
        1.0000000000000 bend    2    6    1
  26 k  0.8660254037844 bend    1    5    6      val=  -0.07298
       -0.8660254037844 bend    6    4    5
        0.8660254037844 bend    4    2    3
       -0.8660254037844 bend    3    1    2
  27 k -1.0000000000000 bend    1    5    6      val=   0.31667
        1.0000000000000 bend    6    4    5
       -1.0000000000000 bend    5    3    4
        1.0000000000000 bend    4    2    3
       -1.0000000000000 bend    3    1    2
        1.0000000000000 bend    2    6    1
  28 k -0.5000000000000 tors    6    5    4    3 val=   0.00008
       -0.5000000000000 tors    5    4    3    2
        1.0000000000000 tors    4    3    2    1
       -0.5000000000000 tors    3    2    1    6
       -0.5000000000000 tors    2    1    6    5
        1.0000000000000 tors    1    6    5    4
  29 k  0.8660254037844 tors    6    5    4    3 val=   0.00009
       -0.8660254037844 tors    5    4    3    2
        0.8660254037844 tors    3    2    1    6
       -0.8660254037844 tors    2    1    6    5
  30 k -1.0000000000000 tors    6    5    4    3 val=   0.00027
        1.0000000000000 tors    5    4    3    2
       -1.0000000000000 tors    4    3    2    1
        1.0000000000000 tors    3    2    1    6
       -1.0000000000000 tors    2    1    6    5
        1.0000000000000 tors    1    6    5    4
        30 non zero eigenvalues  of BmBt
           1          10.887592061    1    0
         1
           2           5.094135415    2    0
         2
           3           4.814420953    3    0
         3
           4           4.375556762    4    0
         4
           5           4.271099319    5    0
         5
           6           3.547341196    6    0
         6
           7           3.503270848    7    0
         7
           8           3.279922820    8    0
         8
           9           3.186349060    9    0
         9
          10           2.618022482   10    0
        10
          11           1.927356023   11    0
        11
          12           1.892112338   12    0
        12
          13           1.795098836   13    0
        13
          14           1.575568870   14    0
        14
          15           1.385589684   15    0
        15
          16           0.995671851   16    0
        16
          17           0.837894539   17    0
        17
          18           0.542617644   18    0
        18
          19           0.399223275   19    0
        19
          20           0.391001485   20    0
        20
          21           0.381971431   21    0
        21
          22           0.358684290   22    0
        22
          23           0.299746645   23    0
        23
          24           0.281289794   24    0
        24
          25           0.278722460   25    0
        25
          26           0.260531654   26    0
        26
          27           0.137320161   27    0
        27
          28           0.129477078   28    0
        28
          29           0.108617543   29    0
        29
          30           0.059852496   30    0
        30
$user-defined bonds
$end
