$coord
    1.61603961984420     -0.00001534268647     -1.11264478409573       h
    0.51314770476139      0.00003091025036      0.33182175110653       o
    2.04855846095199      0.00000341473512      2.52326057949056       c
    0.78958730878323     -0.00000469785917      4.14414061755086       h
    3.24747464196151     -1.67488873597106      2.64190426629500       h
    3.24749162681999      1.67488172508711      2.64193239675821       h
    2.12756168581006      0.00000793496003     -4.84067748084872       f
   -0.34891399327641     -0.00000274577207     -5.71720726797978       c
   -0.31544930184122     -0.00000341851457     -7.76862267926043       h
   -1.29653744504250     -1.67917298133008     -5.01672589239734       h
   -1.29655077328091      1.67916025780403     -5.01672669553095       h
$end
