$jbas
*
cl universal
# cl    (14s5p5d2f1g) / [8s4p3d1f1g]     {71111111/2111/311/2/1}
*
   7  s
  8044.2766240      0.83066050000
  2924.5123954       1.6146203000
  1110.8168739       5.0051398000
  439.90507610       9.9863273000
  181.19872870       11.344397000
  77.414830200       2.6726629000
  34.197727300      -1.6043227000
   1  s
  15.564839700       5.7539291000
   1  s
  7.2707873000       6.0638907000
   1  s
  3.4711900000     -0.31993260000
   1  s
  1.6860808000     -0.39473200000
   1  s
 0.82931250000      0.93340360000
   1  s
 0.41101240000      0.48641750000
   1  s
 0.20421900000      0.78177800000E-01
   2  p
  12.256499300      0.56308600000E-01
  4.8922575000     -0.56300700000E-01
   1  p
  1.9265460000      0.46922200000E-01
   1  p
 0.75259890000     -0.71758000000E-02
   1  p
 0.29321890000     -0.16232500000E-01
   3  d
  28.437050400     -0.26540400000E-01
  7.2772298000      0.13484800000E-01
  2.3111621000     -0.13645200000E-01
   1  d
 0.85809430000     -0.13160800000E-01
   1  d
 0.33762270000     -0.45372000000E-02
   2  f
  1.2035685000       1.0000000000
 0.47000000000       1.0000000000
   1  g
 0.75211000000     -0.26699000000E-02
*
$cbas
*
cl cc-pV5Z
# cl    (12s11p9d7f5g3h1i) / [12s11p9d7f5g3h1i]
# {111111111111/11111111111/111111111/1111111/11111/111/1}
*
   1  s
  1275.1900000       1.0000000000
   1  s
  308.27100000       1.0000000000
   1  s
  107.71100000       1.0000000000
   1  s
  34.462700000       1.0000000000
   1  s
  14.452900000       1.0000000000
   1  s
  7.5443000000       1.0000000000
   1  s
  3.6854400000       1.0000000000
   1  s
  1.7896600000       1.0000000000
   1  s
  1.0729100000       1.0000000000
   1  s
 0.73663500000       1.0000000000
   1  s
 0.33260400000       1.0000000000
   1  s
 0.18377300000       1.0000000000
   1  p
  405.24300000       1.0000000000
   1  p
  117.71400000       1.0000000000
   1  p
  37.138800000       1.0000000000
   1  p
  19.320600000       1.0000000000
   1  p
  8.5037600000       1.0000000000
   1  p
  4.2624600000       1.0000000000
   1  p
  1.9290400000       1.0000000000
   1  p
  1.2469200000       1.0000000000
   1  p
 0.73990000000       1.0000000000
   1  p
 0.49542200000       1.0000000000
   1  p
 0.26413200000       1.0000000000
   1  d
  118.09100000       1.0000000000
   1  d
  39.157400000       1.0000000000
   1  d
  13.190700000       1.0000000000
   1  d
  6.2187100000       1.0000000000
   1  d
  2.5070500000       1.0000000000
   1  d
  1.5222400000       1.0000000000
   1  d
 0.87261700000       1.0000000000
   1  d
 0.43127400000       1.0000000000
   1  d
 0.23101400000       1.0000000000
   1  f
  21.558400000       1.0000000000
   1  f
  10.107900000       1.0000000000
   1  f
  4.9216900000       1.0000000000
   1  f
  2.1949600000       1.0000000000
   1  f
  1.5416200000       1.0000000000
   1  f
 0.80694300000       1.0000000000
   1  f
 0.43638700000       1.0000000000
   1  g
  6.7710400000       1.0000000000
   1  g
  2.9668000000       1.0000000000
   1  g
  1.6359900000       1.0000000000
   1  g
 0.99051800000       1.0000000000
   1  g
 0.49866900000       1.0000000000
   1  h
  4.0594700000       1.0000000000
   1  h
  1.6997000000       1.0000000000
   1  h
 0.86825800000       1.0000000000
   1  i
  1.4813300000       1.0000000000
*
$end
