$coord
   -1.42754169820131     -1.50508961850828     -1.93430551124333       c
    1.19860572924150     -1.66299114873979     -2.03189643761298       c
    2.65876001301880      0.37736955363609     -1.23426391650599       c
    1.50963368042358      2.57230374419743     -0.34128058818180       c
   -1.12092277855371      2.71045691257517     -0.25246348639234       c
   -2.60071517756218      0.67879949508239     -1.04550707592673       c
   -2.86169588073340      5.99660765711210      1.08394899986031       i
    2.09930989272956     -3.36144811062374     -2.72237695164263       h
    2.64405246349916      4.15317840474646      0.27856972788526       h
    4.69864865613751      0.26922271535391     -1.30274048619151       h
   -4.63786461351839      0.79856258572808     -0.96906659938432       h
   -2.57447518692275     -3.08132039046931     -2.54875517521577       h
   -5.88211879210329     11.88491819358157      2.31866455902233       s
   -8.18022701418703     10.95619984550779      1.83940856333092       h
   -5.08172874482867     12.66714386256482     -0.92419491629867       c
   -3.18311711399702     13.44626574330220     -0.86977613647871       h
   -5.07177399637298     10.99164969235585     -2.10739192258756       h
   -6.35955320518616     14.08073002965080     -1.68204314084441       h
$end
