$basis
*
f def2-QZVP
# f     (15s8p3d2f1g) / [7s4p3d2f1g]     {8211111/5111/111/11/1}
*
   8  s
  132535.97345      0.47387482743E-04
  19758.112588      0.37070120897E-03
  4485.1996947      0.19450784713E-02
  1273.8151020      0.80573291994E-02
  418.93831236      0.27992880781E-01
  152.55721985      0.82735120175E-01
  59.821524823      0.19854169012
  24.819076932      0.34860632233
   2  s
  100.74446673      0.10505068816
  30.103728290      0.94068472434
   1  s
  10.814283272       1.0000000000
   1  s
  4.8172886770       1.0000000000
   1  s
  1.6559334213       1.0000000000
   1  s
 0.64893519582       1.0000000000
   1  s
 0.24778104545       1.0000000000
   5  p
  240.96654114      0.30389933451E-02
  57.020699781      0.24357738582E-01
  18.126952120      0.11442925768
  6.6457404621      0.37064659853
  2.6375722892      0.79791551766
   1  p
  1.0638217200       1.0000000000
   1  p
 0.41932562750       1.0000000000
   1  p
 0.15747588299       1.0000000000
   1  d
  5.0140000000       1.0000000000
   1  d
  1.7250000000       1.0000000000
   1  d
 0.58600000000       1.0000000000
   1  f
  3.5620000000       1.0000000000
   1  f
  1.1480000000       1.0000000000
   1  g
  2.3760000000       1.0000000000
*
c def2-QZVP
# c     (15s8p3d2f1g) / [7s4p3d2f1g]     {8211111/5111/111/11/1}
*
   8  s
  67025.071029      0.38736308501E-04
  10039.986538      0.30107917575E-03
  2284.9316911      0.15787918095E-02
  647.14122130      0.66087087195E-02
  211.09472335      0.23367123250E-01
  76.177643862      0.70420716898E-01
  29.633839163      0.17360344953
  12.187785081      0.32292305648
   2  s
  53.026006299      0.74897404492E-01
  15.258502776      0.76136220983
   1  s
  5.2403957464       1.0000000000
   1  s
  2.2905022379       1.0000000000
   1  s
 0.69673283006       1.0000000000
   1  s
 0.27599337363       1.0000000000
   1  s
 0.10739884389       1.0000000000
   5  p
  105.12555082      0.84647553844E-03
  24.884461066      0.66274038534E-02
  7.8637230826      0.30120390419E-01
  2.8407001835      0.99951435476E-01
  1.1227137335      0.23826299282
   1  p
 0.46050725555       1.0000000000
   1  p
 0.18937530913       1.0000000000
   1  p
 0.75983791611E-01   1.0000000000
   1  d
  1.8480000000       1.0000000000
   1  d
 0.64900000000       1.0000000000
   1  d
 0.22800000000       1.0000000000
   1  f
  1.4190000000       1.0000000000
   1  f
 0.48500000000       1.0000000000
   1  g
  1.0110000000       1.0000000000
*
h def2-QZVP
# h     (7s3p2d1f) / [4s3p2d1f]     {4111/111/11/1}
*
   4  s
  190.69169000      0.70815167000E-03
  28.605532000      0.54678827000E-02
  6.5095943000      0.27966605000E-01
  1.8412455000      0.10764538000
   1  s
 0.59853725000       1.0000000000
   1  s
 0.21397624000       1.0000000000
   1  s
 0.80316286000E-01   1.0000000000
   1  p
  2.2920000000       1.0000000000
   1  p
 0.83800000000       1.0000000000
   1  p
 0.29200000000       1.0000000000
   1  d
  2.0620000000       1.0000000000
   1  d
 0.66200000000       1.0000000000
   1  f
  1.3970000000       1.0000000000
*
$end
