$basis
*
f cc-pVQZ
# f     (21s6p3d2f1g) / [5s4p3d2f1g]     {99111/3111/111/11/1}
*
   9  s
  74530.000000      0.95000000000E-04
  11170.000000      0.73800000000E-03
  2543.0000000      0.38580000000E-02
  721.00000000      0.15926000000E-01
  235.90000000      0.54289000000E-01
  85.600000000      0.14951300000
  33.550000000      0.30825200000
  13.930000000      0.39485300000
  5.9150000000      0.21103100000
   9  s
  74530.000000     -0.22000000000E-04
  11170.000000     -0.17200000000E-03
  2543.0000000     -0.89100000000E-03
  721.00000000     -0.37480000000E-02
  235.90000000     -0.12862000000E-01
  85.600000000     -0.38061000000E-01
  33.550000000     -0.86239000000E-01
  13.930000000     -0.15586500000
  5.9150000000     -0.11091400000
   1  s
  1.8430000000       1.0000000000
   1  s
 0.71240000000       1.0000000000
   1  s
 0.26370000000       1.0000000000
   3  p
  80.390000000      0.63470000000E-02
  18.630000000      0.44204000000E-01
  5.6940000000      0.16851400000
   1  p
  1.9530000000       1.0000000000
   1  p
 0.67020000000       1.0000000000
   1  p
 0.21660000000       1.0000000000
   1  d
  5.0140000000       1.0000000000
   1  d
  1.7250000000       1.0000000000
   1  d
 0.58600000000       1.0000000000
   1  f
  3.5620000000       1.0000000000
   1  f
  1.1480000000       1.0000000000
   1  g
  2.3760000000       1.0000000000
*
h cc-pVQZ
# h     (6s3p2d1f) / [4s3p2d1f]     {3111/111/11/1}
*
   3  s
  82.640000000      0.20060000000E-02
  12.410000000      0.15343000000E-01
  2.8240000000      0.75579000000E-01
   1  s
 0.79770000000       1.0000000000
   1  s
 0.25810000000       1.0000000000
   1  s
 0.89890000000E-01   1.0000000000
   1  p
  2.2920000000       1.0000000000
   1  p
 0.83800000000       1.0000000000
   1  p
 0.29200000000       1.0000000000
   1  d
  2.0620000000       1.0000000000
   1  d
 0.66200000000       1.0000000000
   1  f
  1.3970000000       1.0000000000
*
$end
