$basis
*
c cc-pVQZ
# c     (21s6p3d2f1g) / [5s4p3d2f1g]     {99111/3111/111/11/1}
*
   9  s
  33980.000000      0.91000000000E-04
  5089.0000000      0.70400000000E-03
  1157.0000000      0.36930000000E-02
  326.60000000      0.15360000000E-01
  106.10000000      0.52929000000E-01
  38.110000000      0.14704300000
  14.750000000      0.30563100000
  6.0350000000      0.39934500000
  2.5300000000      0.21705100000
   9  s
  33980.000000     -0.19000000000E-04
  5089.0000000     -0.15100000000E-03
  1157.0000000     -0.78500000000E-03
  326.60000000     -0.33240000000E-02
  106.10000000     -0.11512000000E-01
  38.110000000     -0.34160000000E-01
  14.750000000     -0.77173000000E-01
  6.0350000000     -0.14149300000
  2.5300000000     -0.11801900000
   1  s
 0.73550000000       1.0000000000
   1  s
 0.29050000000       1.0000000000
   1  s
 0.11110000000       1.0000000000
   3  p
  34.510000000      0.53780000000E-02
  7.9150000000      0.36132000000E-01
  2.3680000000      0.14249300000
   1  p
 0.81320000000       1.0000000000
   1  p
 0.28900000000       1.0000000000
   1  p
 0.10070000000       1.0000000000
   1  d
  1.8480000000       1.0000000000
   1  d
 0.64900000000       1.0000000000
   1  d
 0.22800000000       1.0000000000
   1  f
  1.4190000000       1.0000000000
   1  f
 0.48500000000       1.0000000000
   1  g
  1.0110000000       1.0000000000
*
cl cc-pVQZ
# cl    (42s19p3d2f1g) / [6s5p3d2f1g]     {(13)(13)(13)111/88111/111/11/1}
*
  13  s
  834900.00000      0.23170000000E-04
  125000.00000      0.18015000000E-03
  28430.000000      0.94778000000E-03
  8033.0000000      0.40013900000E-02
  2608.0000000      0.14462900000E-01
  933.90000000      0.45658600000E-01
  360.00000000      0.12324800000
  147.00000000      0.26436900000
  62.880000000      0.38298900000
  27.600000000      0.27093400000
  11.080000000      0.47140400000E-01
  5.0750000000     -0.37176600000E-02
  2.2780000000      0.21915800000E-02
  13  s
  834900.00000     -0.65000000000E-05
  125000.00000     -0.50490000000E-04
  28430.000000     -0.26611000000E-03
  8033.0000000     -0.11249900000E-02
  2608.0000000     -0.41049700000E-02
  933.90000000     -0.13198700000E-01
  360.00000000     -0.37534200000E-01
  147.00000000     -0.89723300000E-01
  62.880000000     -0.16767100000
  27.600000000     -0.17476300000
  11.080000000      0.11490900000
  5.0750000000      0.56361800000
  2.2780000000      0.44160600000
  13  s
  834900.00000      0.19700000000E-05
  125000.00000      0.15260000000E-04
  28430.000000      0.80610000000E-04
  8033.0000000      0.33996000000E-03
  2608.0000000      0.12455100000E-02
  933.90000000      0.39961200000E-02
  360.00000000      0.11475100000E-01
  147.00000000      0.27550400000E-01
  62.880000000      0.53291700000E-01
  27.600000000      0.57124600000E-01
  11.080000000     -0.39520100000E-01
  5.0750000000     -0.26434300000
  2.2780000000     -0.34929100000
   1  s
 0.77750000000       1.0000000000
   1  s
 0.35270000000       1.0000000000
   1  s
 0.14310000000       1.0000000000
   8  p
  1703.0000000      0.47404000000E-03
  403.60000000      0.40641200000E-02
  130.30000000      0.21335500000E-01
  49.050000000      0.79461100000E-01
  20.260000000      0.20892700000
  8.7870000000      0.36494500000
  3.9190000000      0.37172500000
  1.7650000000      0.14629200000
   8  p
  1703.0000000     -0.12827000000E-03
  403.60000000     -0.10935600000E-02
  130.30000000     -0.58342900000E-02
  49.050000000     -0.21925800000E-01
  20.260000000     -0.60138500000E-01
  8.7870000000     -0.10692900000
  3.9190000000     -0.12245400000
  1.7650000000      0.38361900000E-01
   1  p
 0.72070000000       1.0000000000
   1  p
 0.28390000000       1.0000000000
   1  p
 0.10600000000       1.0000000000
   1  d
 0.25400000000       1.0000000000
   1  d
 0.62800000000       1.0000000000
   1  d
  1.5510000000       1.0000000000
   1  f
 0.42300000000       1.0000000000
   1  f
  1.0890000000       1.0000000000
   1  g
 0.82700000000       1.0000000000
*
f cc-pVQZ
# f     (21s6p3d2f1g) / [5s4p3d2f1g]     {99111/3111/111/11/1}
*
   9  s
  74530.000000      0.95000000000E-04
  11170.000000      0.73800000000E-03
  2543.0000000      0.38580000000E-02
  721.00000000      0.15926000000E-01
  235.90000000      0.54289000000E-01
  85.600000000      0.14951300000
  33.550000000      0.30825200000
  13.930000000      0.39485300000
  5.9150000000      0.21103100000
   9  s
  74530.000000     -0.22000000000E-04
  11170.000000     -0.17200000000E-03
  2543.0000000     -0.89100000000E-03
  721.00000000     -0.37480000000E-02
  235.90000000     -0.12862000000E-01
  85.600000000     -0.38061000000E-01
  33.550000000     -0.86239000000E-01
  13.930000000     -0.15586500000
  5.9150000000     -0.11091400000
   1  s
  1.8430000000       1.0000000000
   1  s
 0.71240000000       1.0000000000
   1  s
 0.26370000000       1.0000000000
   3  p
  80.390000000      0.63470000000E-02
  18.630000000      0.44204000000E-01
  5.6940000000      0.16851400000
   1  p
  1.9530000000       1.0000000000
   1  p
 0.67020000000       1.0000000000
   1  p
 0.21660000000       1.0000000000
   1  d
  5.0140000000       1.0000000000
   1  d
  1.7250000000       1.0000000000
   1  d
 0.58600000000       1.0000000000
   1  f
  3.5620000000       1.0000000000
   1  f
  1.1480000000       1.0000000000
   1  g
  2.3760000000       1.0000000000
*
$end
