$basis
*
c cc-pV5Z
# c     (24s8p4d3f2g1h) / [6s5p4d3f2g1h]     {**1111/41111/1111/111/11/1}
*
  10  s
  96770.000000      0.25000000000E-04
  14500.000000      0.19000000000E-03
  3300.0000000      0.10000000000E-02
  935.80000000      0.41830000000E-02
  306.20000000      0.14859000000E-01
  111.30000000      0.45301000000E-01
  43.900000000      0.11650400000
  18.400000000      0.24024900000
  8.0540000000      0.35879900000
  3.6370000000      0.29394100000
  10  s
  96770.000000     -0.50000000000E-05
  14500.000000     -0.41000000000E-04
  3300.0000000     -0.21300000000E-03
  935.80000000     -0.89700000000E-03
  306.20000000     -0.31870000000E-02
  111.30000000     -0.99610000000E-02
  43.900000000     -0.26375000000E-01
  18.400000000     -0.60001000000E-01
  8.0540000000     -0.10682500000
  3.6370000000     -0.14416600000
   1  s
  1.6560000000       1.0000000000
   1  s
 0.63330000000       1.0000000000
   1  s
 0.25450000000       1.0000000000
   1  s
 0.10190000000       1.0000000000
   4  p
  101.80000000      0.89100000000E-03
  24.040000000      0.69760000000E-02
  7.5710000000      0.31669000000E-01
  2.7320000000      0.10400600000
   1  p
  1.0850000000       1.0000000000
   1  p
 0.44960000000       1.0000000000
   1  p
 0.18760000000       1.0000000000
   1  p
 0.76060000000E-01   1.0000000000
   1  d
  3.1340000000       1.0000000000
   1  d
  1.2330000000       1.0000000000
   1  d
 0.48500000000       1.0000000000
   1  d
 0.19100000000       1.0000000000
   1  f
  2.0060000000       1.0000000000
   1  f
 0.83800000000       1.0000000000
   1  f
 0.35000000000       1.0000000000
   1  g
  1.7530000000       1.0000000000
   1  g
 0.67800000000       1.0000000000
   1  h
  1.2590000000       1.0000000000
*
h cc-pV5Z
# h     (8s4p3d2f1g) / [5s4p3d2f1g]     {41111/1111/111/11/1}
*
   4  s
  402.00000000      0.27900000000E-03
  60.240000000      0.21650000000E-02
  13.730000000      0.11201000000E-01
  3.9050000000      0.44878000000E-01
   1  s
  1.2830000000       1.0000000000
   1  s
 0.46550000000       1.0000000000
   1  s
 0.18110000000       1.0000000000
   1  s
 0.72790000000E-01   1.0000000000
   1  p
  4.5160000000       1.0000000000
   1  p
  1.7120000000       1.0000000000
   1  p
 0.64900000000       1.0000000000
   1  p
 0.24600000000       1.0000000000
   1  d
  2.9500000000       1.0000000000
   1  d
  1.2060000000       1.0000000000
   1  d
 0.49300000000       1.0000000000
   1  f
  2.5060000000       1.0000000000
   1  f
 0.87500000000       1.0000000000
   1  g
  2.3580000000       1.0000000000
*
br cc-pV5Z
# br    (92s43p13d3f2g1h) / [8s7p5d3f2g1h]
# {(22)(22)(22)(22)1111/(13)(13)(13)1111/91111/111/11/1}
*
  22  s
  165735150.00      0.20000000000E-06
  24774379.000      0.15000000000E-05
  5628202.0000      0.79000000000E-05
  1591899.7000      0.33400000000E-04
  518263.80000      0.12230000000E-03
  186490.92000      0.40320000000E-03
  72332.493000      0.12256000000E-02
  29761.135000      0.34823000000E-02
  12851.712000      0.93086000000E-02
  5780.9430000      0.23388300000E-01
  2695.0098000      0.54553000000E-01
  1297.6604000      0.11494790000
  643.63493000      0.20792250000
  327.95194000      0.29515960000
  170.92262000      0.27987660000
  90.250141000      0.13697520000
  46.292467000      0.21215400000E-01
  24.848661000     -0.25400000000E-04
  13.347137000      0.45700000000E-03
  6.9482580000     -0.23480000000E-03
  3.6250750000      0.68600000000E-04
  1.8821530000     -0.61200000000E-04
  22  s
  165735150.00     -0.10000000000E-06
  24774379.000     -0.50000000000E-06
  5628202.0000     -0.25000000000E-05
  1591899.7000     -0.10500000000E-04
  518263.80000     -0.38400000000E-04
  186490.92000     -0.12660000000E-03
  72332.493000     -0.38550000000E-03
  29761.135000     -0.10976000000E-02
  12851.712000     -0.29538000000E-02
  5780.9430000     -0.75146000000E-02
  2695.0098000     -0.18023000000E-01
  1297.6604000     -0.40025500000E-01
  643.63493000     -0.80291900000E-01
  327.95194000     -0.13721660000
  170.92262000     -0.17694390000
  90.250141000     -0.97703300000E-01
  46.292467000      0.20676330000
  24.848661000      0.51484190000
  13.347137000      0.37992060000
  6.9482580000      0.83012800000E-01
  3.6250750000      0.32157000000E-02
  1.8821530000      0.17129000000E-02
  22  s
  165735150.00       0.0000000000
  24774379.000      0.20000000000E-06
  5628202.0000      0.10000000000E-05
  1591899.7000      0.42000000000E-05
  518263.80000      0.15300000000E-04
  186490.92000      0.50300000000E-04
  72332.493000      0.15330000000E-03
  29761.135000      0.43640000000E-03
  12851.712000      0.11758000000E-02
  5780.9430000      0.29946000000E-02
  2695.0098000      0.72119000000E-02
  1297.6604000      0.16115100000E-01
  643.63493000      0.32794300000E-01
  327.95194000      0.57430900000E-01
  170.92262000      0.77618700000E-01
  90.250141000      0.45646400000E-01
  46.292467000     -0.11311710000
  24.848661000     -0.37955960000
  13.347137000     -0.38514940000
  6.9482580000      0.12368510000
  3.6250750000      0.64061380000
  1.8821530000      0.47074360000
  22  s
  165735150.00       0.0000000000
  24774379.000     -0.10000000000E-06
  5628202.0000     -0.30000000000E-06
  1591899.7000     -0.13000000000E-05
  518263.80000     -0.47000000000E-05
  186490.92000     -0.15400000000E-04
  72332.493000     -0.47000000000E-04
  29761.135000     -0.13370000000E-03
  12851.712000     -0.36050000000E-03
  5780.9430000     -0.91800000000E-03
  2695.0098000     -0.22129000000E-02
  1297.6604000     -0.49473000000E-02
  643.63493000     -0.10095100000E-01
  327.95194000     -0.17732400000E-01
  170.92262000     -0.24165300000E-01
  90.250141000     -0.14318000000E-01
  46.292467000      0.36281200000E-01
  24.848661000      0.12865520000
  13.347137000      0.13568880000
  6.9482580000     -0.51676400000E-01
  3.6250750000     -0.30307240000
  1.8821530000     -0.40738380000
   1  s
 0.91082200000       1.0000000000
   1  s
 0.46395700000       1.0000000000
   1  s
 0.21693300000       1.0000000000
   1  s
 0.98406000000E-01   1.0000000000
  13  p
  39391.530000      0.31200000000E-04
  9325.2225000      0.27800000000E-03
  3028.9943000      0.16138000000E-02
  1159.5145000      0.72049000000E-02
  492.68131000      0.26087300000E-01
  225.17451000      0.77297100000E-01
  108.59326000      0.18047750000
  54.336079000      0.31061260000
  27.936650000      0.34542970000
  14.539626000      0.19485150000
  7.4213070000      0.40386000000E-01
  3.7303890000      0.23091000000E-02
  1.8541270000      0.67150000000E-03
  13  p
  39391.530000     -0.12500000000E-04
  9325.2225000     -0.11160000000E-03
  3028.9943000     -0.64990000000E-03
  1159.5145000     -0.29159000000E-02
  492.68131000     -0.10700900000E-01
  225.17451000     -0.32495100000E-01
  108.59326000     -0.79112300000E-01
  54.336079000     -0.14352520000
  27.936650000     -0.16582480000
  14.539626000     -0.10659100000E-01
  7.4213070000      0.30506620000
  3.7303890000      0.48135630000
  1.8541270000      0.29427690000
  13  p
  39391.530000      0.32000000000E-05
  9325.2225000      0.28800000000E-04
  3028.9943000      0.16840000000E-03
  1159.5145000      0.75430000000E-03
  492.68131000      0.27801000000E-02
  225.17451000      0.84462000000E-02
  108.59326000      0.20737600000E-01
  54.336079000      0.37754200000E-01
  27.936650000      0.44206200000E-01
  14.539626000     -0.21775000000E-02
  7.4213070000     -0.97953000000E-01
  3.7303890000     -0.16926560000
  1.8541270000     -0.11174900000
   1  p
 0.84533700000       1.0000000000
   1  p
 0.39215200000       1.0000000000
   1  p
 0.17276700000       1.0000000000
   1  p
 0.72908000000E-01   1.0000000000
   9  d
  1850.6354000      0.53800000000E-04
  557.07125000      0.54020000000E-03
  216.48687000      0.33012000000E-02
  96.138850000      0.14355100000E-01
  46.126380000      0.46116800000E-01
  23.201164000      0.11478730000
  12.055926000      0.21453690000
  6.3255450000      0.29531310000
  3.3049220000      0.30409380000
   1  d
  1.7042530000       1.0000000000
   1  d
 0.83994000000       1.0000000000
   1  d
 0.35695300000       1.0000000000
   1  d
 0.15200000000       1.0000000000
   1  f
 0.25500000000       1.0000000000
   1  f
 0.49550000000       1.0000000000
   1  f
 0.96270000000       1.0000000000
   1  g
 0.43900000000       1.0000000000
   1  g
 0.97680000000       1.0000000000
   1  h
 0.81930000000       1.0000000000
*
o cc-pV5Z
# o     (24s8p4d3f2g1h) / [6s5p4d3f2g1h]     {**1111/41111/1111/111/11/1}
*
  10  s
  164200.00000      0.26000000000E-04
  24590.000000      0.20500000000E-03
  5592.0000000      0.10760000000E-02
  1582.0000000      0.45220000000E-02
  516.10000000      0.16108000000E-01
  187.20000000      0.49085000000E-01
  73.930000000      0.12485700000
  31.220000000      0.25168600000
  13.810000000      0.36242000000
  6.2560000000      0.27905100000
  10  s
  164200.00000     -0.60000000000E-05
  24590.000000     -0.46000000000E-04
  5592.0000000     -0.24400000000E-03
  1582.0000000     -0.10310000000E-02
  516.10000000     -0.36880000000E-02
  187.20000000     -0.11514000000E-01
  73.930000000     -0.30435000000E-01
  31.220000000     -0.68147000000E-01
  13.810000000     -0.12036800000
  6.2560000000     -0.14826000000
   1  s
  2.7760000000       1.0000000000
   1  s
  1.1380000000       1.0000000000
   1  s
 0.46000000000       1.0000000000
   1  s
 0.18290000000       1.0000000000
   4  p
  195.50000000      0.91800000000E-03
  46.160000000      0.73880000000E-02
  14.580000000      0.34958000000E-01
  5.2960000000      0.11543100000
   1  p
  2.0940000000       1.0000000000
   1  p
 0.84710000000       1.0000000000
   1  p
 0.33680000000       1.0000000000
   1  p
 0.12850000000       1.0000000000
   1  d
  5.8790000000       1.0000000000
   1  d
  2.3070000000       1.0000000000
   1  d
 0.90500000000       1.0000000000
   1  d
 0.35500000000       1.0000000000
   1  f
  4.0160000000       1.0000000000
   1  f
  1.5540000000       1.0000000000
   1  f
 0.60100000000       1.0000000000
   1  g
  3.3500000000       1.0000000000
   1  g
  1.1890000000       1.0000000000
   1  h
  2.3190000000       1.0000000000
*
$end
