$basis
*
cl cc-pV(Q+d)Z
# cl    (42s19p4d2f1g) / [6s5p4d2f1g]     {(13)(13)(13)111/88111/1111/11/1}
*
  13  s
  834900.00000      0.23170000000E-04
  125000.00000      0.18015000000E-03
  28430.000000      0.94778000000E-03
  8033.0000000      0.40013900000E-02
  2608.0000000      0.14462900000E-01
  933.90000000      0.45658600000E-01
  360.00000000      0.12324800000
  147.00000000      0.26436900000
  62.880000000      0.38298900000
  27.600000000      0.27093400000
  11.080000000      0.47140400000E-01
  5.0750000000     -0.37176600000E-02
  2.2780000000      0.21915800000E-02
  13  s
  834900.00000     -0.65000000000E-05
  125000.00000     -0.50490000000E-04
  28430.000000     -0.26611000000E-03
  8033.0000000     -0.11249900000E-02
  2608.0000000     -0.41049700000E-02
  933.90000000     -0.13198700000E-01
  360.00000000     -0.37534200000E-01
  147.00000000     -0.89723300000E-01
  62.880000000     -0.16767100000
  27.600000000     -0.17476300000
  11.080000000      0.11490900000
  5.0750000000      0.56361800000
  2.2780000000      0.44160600000
  13  s
  834900.00000      0.19700000000E-05
  125000.00000      0.15260000000E-04
  28430.000000      0.80610000000E-04
  8033.0000000      0.33996000000E-03
  2608.0000000      0.12455100000E-02
  933.90000000      0.39961200000E-02
  360.00000000      0.11475100000E-01
  147.00000000      0.27550400000E-01
  62.880000000      0.53291700000E-01
  27.600000000      0.57124600000E-01
  11.080000000     -0.39520100000E-01
  5.0750000000     -0.26434300000
  2.2780000000     -0.34929100000
   1  s
 0.77750000000       1.0000000000
   1  s
 0.35270000000       1.0000000000
   1  s
 0.14310000000       1.0000000000
   8  p
  1703.0000000      0.47404000000E-03
  403.60000000      0.40641200000E-02
  130.30000000      0.21335500000E-01
  49.050000000      0.79461100000E-01
  20.260000000      0.20892700000
  8.7870000000      0.36494500000
  3.9190000000      0.37172500000
  1.7650000000      0.14629200000
   8  p
  1703.0000000     -0.12827000000E-03
  403.60000000     -0.10935600000E-02
  130.30000000     -0.58342900000E-02
  49.050000000     -0.21925800000E-01
  20.260000000     -0.60138500000E-01
  8.7870000000     -0.10692900000
  3.9190000000     -0.12245400000
  1.7650000000      0.38361900000E-01
   1  p
 0.72070000000       1.0000000000
   1  p
 0.28390000000       1.0000000000
   1  p
 0.10600000000       1.0000000000
   1  d
  5.1910000000       1.0000000000
   1  d
  1.2760000000       1.0000000000
   1  d
 0.58300000000       1.0000000000
   1  d
 0.24300000000       1.0000000000
   1  f
 0.42300000000       1.0000000000
   1  f
  1.0890000000       1.0000000000
   1  g
 0.82700000000       1.0000000000
*
$end
