$coord
    0.43102265989070     -0.01138996143855     -0.19560937682069       c
    3.41829622031493      1.19583133348869      0.55078901598316      cl
    0.62731219638977     -2.36240806237857     -1.04973605813472       f
   -1.04155615369111     -0.02520790726332      1.83198783368449       f
   -0.66314612440516      1.38580374418238     -1.96465666533554       f
    8.86051430766137      2.25386533214072      1.49027774098830       o
    9.89576350983261      0.30634252074450      0.87746861063278       c
   11.95736426529004      0.07547090908623      1.00084318712665       h
    8.82360225498237     -1.32784569061896      0.16703843356278       h
$end
