$coord
    0.00405193943578      0.68227328981534      0.05631328884969       h
    0.02838480523381      0.51927734894740      2.09315140187414       c
    2.31988951540646      0.56059678154024      3.39135812704749       c
    2.35074150172594      0.34714796483673      6.01632852345063       c
    0.09062788839260      0.09243595756955      7.34439148155226       c
   -2.20178729372060      0.05093633581049      6.04752666791341       c
   -2.23333897192777      0.26423784080304      3.42111594681822       c
    4.07388653933940      0.75433527846676      2.36110241468856       h
    4.12901256617213      0.37529687555737      7.02254500132723       h
    0.11514982317995     -0.07686036990968      9.38062745602118       h
   -3.95561367349402     -0.14858719862389      7.07726068924801       h
   -4.01159649837594      0.23292219883850      2.41440065116241       h
$end
