$basis
*
br cc-pVQZ
# br    (75s42p12d2f1g) / [7s6p4d2f1g]
# {(18)(18)(18)(18)111/(13)(13)(13)111/9111/11/1}
*
  18  s
  16475000.000      0.34000000000E-05
  2466600.0000      0.26700000000E-04
  561310.00000      0.14040000000E-03
  158990.00000      0.59270000000E-03
  51869.000000      0.21561000000E-02
  18726.000000      0.69959000000E-02
  7303.6000000      0.20564500000E-01
  3029.1000000      0.54589300000E-01
  1320.8000000      0.12752260000
  600.03000000      0.24597800000
  281.90000000      0.34365080000
  135.54000000      0.27025300000
  64.870000000      0.74479500000E-01
  32.129000000      0.87870000000E-03
  16.037000000      0.15755000000E-02
  7.7849000000     -0.76020000000E-03
  3.7247000000      0.32110000000E-03
  1.7583000000     -0.15860000000E-03
  18  s
  16475000.000     -0.11000000000E-05
  2466600.0000     -0.84000000000E-05
  561310.00000     -0.44100000000E-04
  158990.00000     -0.18620000000E-03
  51869.000000     -0.67830000000E-03
  18726.000000     -0.22122000000E-02
  7303.6000000     -0.65752000000E-02
  3029.1000000     -0.17932800000E-01
  1320.8000000     -0.44332100000E-01
  600.03000000     -0.96347800000E-01
  281.90000000     -0.16968140000
  135.54000000     -0.19207690000
  64.870000000      0.20873100000E-01
  32.129000000      0.47449960000
  16.037000000      0.52149070000
  7.7849000000      0.13480010000
  3.7247000000      0.36614000000E-02
  1.7583000000      0.18840000000E-02
  18  s
  16475000.000      0.40000000000E-06
  2466600.0000      0.33000000000E-05
  561310.00000      0.17500000000E-04
  158990.00000      0.74000000000E-04
  51869.000000      0.26970000000E-03
  18726.000000      0.87990000000E-03
  7303.6000000      0.26198000000E-02
  3029.1000000      0.71671000000E-02
  1320.8000000      0.17856100000E-01
  600.03000000      0.39396000000E-01
  281.90000000      0.71710200000E-01
  135.54000000      0.85887700000E-01
  64.870000000     -0.10386100000E-01
  32.129000000     -0.30401350000
  16.037000000     -0.49331780000
  7.7849000000      0.16089000000E-01
  3.7247000000      0.71466860000
  1.7583000000      0.49047950000
  18  s
  16475000.000     -0.10000000000E-06
  2466600.0000     -0.10000000000E-05
  561310.00000     -0.54000000000E-05
  158990.00000     -0.22700000000E-04
  51869.000000     -0.82700000000E-04
  18726.000000     -0.26940000000E-03
  7303.6000000     -0.80420000000E-03
  3029.1000000     -0.21949000000E-02
  1320.8000000     -0.54939000000E-02
  600.03000000     -0.12096000000E-01
  281.90000000     -0.22262300000E-01
  135.54000000     -0.26606300000E-01
  64.870000000      0.27580000000E-02
  32.129000000      0.10168030000
  16.037000000      0.17041320000
  7.7849000000     -0.62220000000E-02
  3.7247000000     -0.34525700000
  1.7583000000     -0.42348400000
   1  s
 0.58331000000       1.0000000000
   1  s
 0.27856000000       1.0000000000
   1  s
 0.11829000000       1.0000000000
  13  p
  26607.000000      0.61900000000E-04
  6298.2000000      0.54990000000E-03
  2045.2000000      0.31620000000E-02
  782.16000000      0.13797900000E-01
  331.63000000      0.47981200000E-01
  151.11000000      0.13157100000
  72.392000000      0.26858610000
  35.862000000      0.36834730000
  18.134000000      0.27113630000
  9.0430000000      0.76222200000E-01
  4.4500000000      0.46749000000E-02
  2.1661000000      0.12565000000E-02
 0.99628000000     -0.23570000000E-03
  13  p
  26607.000000     -0.24800000000E-04
  6298.2000000     -0.22120000000E-03
  2045.2000000     -0.12736000000E-02
  782.16000000     -0.56179000000E-02
  331.63000000     -0.19860000000E-01
  151.11000000     -0.56553100000E-01
  72.392000000     -0.12094790000
  35.862000000     -0.17730980000
  18.134000000     -0.92147200000E-01
  9.0430000000      0.21876830000
  4.4500000000      0.48546700000
  2.1661000000      0.37219700000
 0.99628000000      0.77690700000E-01
  13  p
  26607.000000      0.64000000000E-05
  6298.2000000      0.57200000000E-04
  2045.2000000      0.32970000000E-03
  782.16000000      0.14562000000E-02
  331.63000000      0.51591000000E-02
  151.11000000      0.14761700000E-01
  72.392000000      0.31769400000E-01
  35.862000000      0.47068000000E-01
  18.134000000      0.22387100000E-01
  9.0430000000     -0.72025400000E-01
  4.4500000000     -0.16264290000
  2.1661000000     -0.14965030000
 0.99628000000      0.10645170000
   1  p
 0.45443000000       1.0000000000
   1  p
 0.19404000000       1.0000000000
   1  p
 0.78997000000E-01   1.0000000000
   9  d
  1289.6000000      0.11900000000E-03
  389.75000000      0.11551000000E-02
  151.76000000      0.67648000000E-02
  67.223000000      0.27301700000E-01
  31.913000000      0.80929800000E-01
  15.857000000      0.17940110000
  8.0545000000      0.28400860000
  4.0887000000      0.32667970000
  2.0556000000      0.25849000000
   1  d
 0.99509000000       1.0000000000
   1  d
 0.42313000000       1.0000000000
   1  d
 0.17790000000       1.0000000000
   1  f
 0.34070000000       1.0000000000
   1  f
 0.82570000000       1.0000000000
   1  g
 0.64910000000       1.0000000000
*
$end
