$basis
*
cl cc-pV5Z
# cl    (52s20p4d3f2g1h) / [7s6p4d3f2g1h]
# {(16)(16)(16)1111/881111/1111/111/11/1}
*
  16  s
  6410000.0000      0.18100000000E-05
  959600.00000      0.14110000000E-04
  218300.00000      0.74240000000E-04
  61810.000000      0.31413000000E-03
  20140.000000      0.11464200000E-02
  7264.0000000      0.37388800000E-02
  2832.0000000      0.11094600000E-01
  1175.0000000      0.30115200000E-01
  512.60000000      0.73914500000E-01
  233.00000000      0.15825800000
  109.50000000      0.27475300000
  52.860000000      0.33406600000
  25.840000000      0.21758900000
  12.170000000      0.45727800000E-01
  6.0300000000     -0.13474000000E-03
  3.0120000000      0.16393300000E-02
  16  s
  6410000.0000     -0.51000000000E-06
  959600.00000     -0.39600000000E-05
  218300.00000     -0.20810000000E-04
  61810.000000     -0.88120000000E-04
  20140.000000     -0.32174000000E-03
  7264.0000000     -0.10527700000E-02
  2832.0000000     -0.31418300000E-02
  1175.0000000     -0.86636300000E-02
  512.60000000     -0.21935300000E-01
  233.00000000     -0.50258400000E-01
  109.50000000     -0.99541400000E-01
  52.860000000     -0.15764700000
  25.840000000     -0.14602400000
  12.170000000      0.69223000000E-01
  6.0300000000      0.43041200000
  3.0120000000      0.49080200000
  16  s
  6410000.0000      0.15000000000E-06
  959600.00000      0.12000000000E-05
  218300.00000      0.63000000000E-05
  61810.000000      0.26650000000E-04
  20140.000000      0.97420000000E-04
  7264.0000000      0.31836000000E-03
  2832.0000000      0.95238000000E-03
  1175.0000000      0.26243000000E-02
  512.60000000      0.66816000000E-02
  233.00000000      0.15359500000E-01
  109.50000000      0.30943200000E-01
  52.860000000      0.50063800000E-01
  25.840000000      0.48978200000E-01
  12.170000000     -0.26080700000E-01
  6.0300000000     -0.17842600000
  3.0120000000     -0.33232400000
   1  s
  1.5110000000       1.0000000000
   1  s
 0.66040000000       1.0000000000
   1  s
 0.29260000000       1.0000000000
   1  s
 0.12540000000       1.0000000000
   8  p
  2548.0000000      0.23570000000E-03
  603.70000000      0.20515800000E-02
  195.60000000      0.11154300000E-01
  74.150000000      0.43981600000E-01
  30.940000000      0.12999400000
  13.690000000      0.27295900000
  6.2290000000      0.38369000000
  2.8780000000      0.29187000000
   8  p
  2548.0000000     -0.63540000000E-04
  603.70000000     -0.55326000000E-03
  195.60000000     -0.30279500000E-02
  74.150000000     -0.12065000000E-01
  30.940000000     -0.36634800000E-01
  13.690000000     -0.79076400000E-01
  6.2290000000     -0.11742200000
  2.8780000000     -0.86094300000E-01
   1  p
  1.2820000000       1.0000000000
   1  p
 0.56410000000       1.0000000000
   1  p
 0.23480000000       1.0000000000
   1  p
 0.93120000000E-01   1.0000000000
   1  d
 0.25000000000       1.0000000000
   1  d
 0.61800000000       1.0000000000
   1  d
  1.5290000000       1.0000000000
   1  d
  3.7810000000       1.0000000000
   1  f
 0.32000000000       1.0000000000
   1  f
 0.65600000000       1.0000000000
   1  f
  1.3450000000       1.0000000000
   1  g
 0.55600000000       1.0000000000
   1  g
  1.3020000000       1.0000000000
   1  h
  1.0530000000       1.0000000000
*
h cc-pV5Z
# h     (8s4p3d2f1g) / [5s4p3d2f1g]     {41111/1111/111/11/1}
*
   4  s
  402.00000000      0.27900000000E-03
  60.240000000      0.21650000000E-02
  13.730000000      0.11201000000E-01
  3.9050000000      0.44878000000E-01
   1  s
  1.2830000000       1.0000000000
   1  s
 0.46550000000       1.0000000000
   1  s
 0.18110000000       1.0000000000
   1  s
 0.72790000000E-01   1.0000000000
   1  p
  4.5160000000       1.0000000000
   1  p
  1.7120000000       1.0000000000
   1  p
 0.64900000000       1.0000000000
   1  p
 0.24600000000       1.0000000000
   1  d
  2.9500000000       1.0000000000
   1  d
  1.2060000000       1.0000000000
   1  d
 0.49300000000       1.0000000000
   1  f
  2.5060000000       1.0000000000
   1  f
 0.87500000000       1.0000000000
   1  g
  2.3580000000       1.0000000000
*
$end
