$basis
*
n def2-QZVP
# n     (15s8p3d2f1g) / [7s4p3d2f1g]     {8211111/5111/111/11/1}
*
   8  s
  90726.889210      0.39257887368E-04
  13590.528801      0.30513316455E-03
  3092.9883781      0.16000560446E-02
  875.99876362      0.66982937306E-02
  285.74469982      0.23690078765E-01
  103.11913417      0.71455405268E-01
  40.128556777      0.17632774876
  16.528095704      0.32677592815
   2  s
  69.390960983      0.80052094386E-01
  20.428200596      0.78268063538
   1  s
  7.1292587972       1.0000000000
   1  s
  3.1324304893       1.0000000000
   1  s
 0.98755778723       1.0000000000
   1  s
 0.38765721307       1.0000000000
   1  s
 0.14909883075       1.0000000000
   5  p
  150.05742670     -0.86216165986E-03
  35.491599483     -0.68571273236E-02
  11.247864223     -0.31795688855E-01
  4.0900305195     -0.10537396822
  1.6220573146     -0.24519708041
   1  p
 0.66442261530       1.0000000000
   1  p
 0.27099770070       1.0000000000
   1  p
 0.10688749984       1.0000000000
   1  d
  2.8370000000       1.0000000000
   1  d
 0.96800000000       1.0000000000
   1  d
 0.33500000000       1.0000000000
   1  f
  2.0270000000       1.0000000000
   1  f
 0.68500000000       1.0000000000
   1  g
  1.4270000000       1.0000000000
*
c def2-QZVP
# c     (15s8p3d2f1g) / [7s4p3d2f1g]     {8211111/5111/111/11/1}
*
   8  s
  67025.071029      0.38736308501E-04
  10039.986538      0.30107917575E-03
  2284.9316911      0.15787918095E-02
  647.14122130      0.66087087195E-02
  211.09472335      0.23367123250E-01
  76.177643862      0.70420716898E-01
  29.633839163      0.17360344953
  12.187785081      0.32292305648
   2  s
  53.026006299      0.74897404492E-01
  15.258502776      0.76136220983
   1  s
  5.2403957464       1.0000000000
   1  s
  2.2905022379       1.0000000000
   1  s
 0.69673283006       1.0000000000
   1  s
 0.27599337363       1.0000000000
   1  s
 0.10739884389       1.0000000000
   5  p
  105.12555082      0.84647553844E-03
  24.884461066      0.66274038534E-02
  7.8637230826      0.30120390419E-01
  2.8407001835      0.99951435476E-01
  1.1227137335      0.23826299282
   1  p
 0.46050725555       1.0000000000
   1  p
 0.18937530913       1.0000000000
   1  p
 0.75983791611E-01   1.0000000000
   1  d
  1.8480000000       1.0000000000
   1  d
 0.64900000000       1.0000000000
   1  d
 0.22800000000       1.0000000000
   1  f
  1.4190000000       1.0000000000
   1  f
 0.48500000000       1.0000000000
   1  g
  1.0110000000       1.0000000000
*
h def2-QZVP
# h     (7s3p2d1f) / [4s3p2d1f]     {4111/111/11/1}
*
   4  s
  190.69169000      0.70815167000E-03
  28.605532000      0.54678827000E-02
  6.5095943000      0.27966605000E-01
  1.8412455000      0.10764538000
   1  s
 0.59853725000       1.0000000000
   1  s
 0.21397624000       1.0000000000
   1  s
 0.80316286000E-01   1.0000000000
   1  p
  2.2920000000       1.0000000000
   1  p
 0.83800000000       1.0000000000
   1  p
 0.29200000000       1.0000000000
   1  d
  2.0620000000       1.0000000000
   1  d
 0.66200000000       1.0000000000
   1  f
  1.3970000000       1.0000000000
*
$end
