$coord
   -8.65984438409655     -0.00373163652543      7.56764150079399      n
  -10.26546153125964      1.95226719184051      6.50730482927506      c
   -9.83047681108749     -2.46815372203972      7.27665202222159      c
   -8.14587478074818      0.50751865091772     10.21384768138735      c
   -9.88178476532146      0.53602705935843     11.35926549258719      h
   -6.89190165184472     -0.93982637371166     10.96613820625846      h
   -7.21379949104660      2.33262181923707     10.39647459432168      h
  -12.11103043359814      2.05509852908762      7.46099480648459      h
   -9.33681042531084      3.77963803151933      6.68412839325530      h
  -10.58381991341461      1.57703939144247      4.50955439172914      h
  -11.65361844368090     -2.59310430367226      8.27002813794785      h
  -10.14794324250774     -2.85085727901946      5.28020549570736      h
   -8.57915118849620     -3.92011723733788      8.02425602628315      h
$redundant
     number_of_atoms            13
     degrees_of_freedom         33
     internal_coordinates       33
     frozen_coordinates          0
# definitions of redundant internals
   1 k  1.0000000000000 tors    7    4    1    2 val=  59.99893
        1.0000000000000 tors    7    4    1    3
        1.0000000000000 tors    6    4    1    2
        1.0000000000000 tors    6    4    1    3
        1.0000000000000 tors    5    4    1    2
        1.0000000000000 tors    5    4    1    3
   2 k  1.0000000000000 stre    4    7           val=   2.05745
   3 k  1.0000000000000 stre    4    6           val=   2.05747
   4 k  1.0000000000000 stre    4    5           val=   2.07995
   5 k  0.3878655100248 bend    6    7    4      val=   0.92225
        0.4287066747274 bend    5    7    4
        0.4285216633571 bend    5    6    4
       -0.4080090900616 bend    1    7    4
       -0.4080551791332 bend    1    6    4
       -0.3862119501268 bend    1    5    4
   6 k  0.6921543142063 bend    6    7    4      val=   0.95557
       -0.3151502999703 bend    5    7    4
       -0.3154671799555 bend    5    6    4
        0.2217829324394 bend    1    7    4
        0.2215311690328 bend    1    6    4
       -0.4730955761267 bend    1    5    4
   7 k  0.0002793803968 bend    6    7    4      val=   0.00242
       -0.6186661205874 bend    5    7    4
        0.6186028803363 bend    5    6    4
       -0.3424719862112 bend    1    7    4
        0.3424843773177 bend    1    6    4
       -0.0001399193766 bend    1    5    4
   8 k  0.4657233022272 bend    6    7    4      val=   0.90670
       -0.2292406457098 bend    5    7    4
       -0.2295336626819 bend    5    6    4
       -0.3374238320130 bend    1    7    4
       -0.3370304254162 bend    1    6    4
        0.6711337271710 bend    1    5    4
   9 k -0.0001353002068 bend    6    7    4      val=   0.00217
        0.3425329957285 bend    5    7    4
       -0.3424233518545 bend    5    6    4
       -0.6184879790488 bend    1    7    4
        0.6187810128483 bend    1    6    4
       -0.0002335518253 bend    1    5    4
  10 k  1.0000000000000 tors    9    2    1    3 val=  59.99237
        1.0000000000000 tors    9    2    1    4
        1.0000000000000 tors   10    2    1    3
        1.0000000000000 tors   10    2    1    4
        1.0000000000000 tors    8    2    1    3
        1.0000000000000 tors    8    2    1    4
  11 k  1.0000000000000 stre    2    9           val=   2.05741
  12 k  1.0000000000000 stre    2   10           val=   2.05746
  13 k  1.0000000000000 stre    2    8           val=   2.07996
  14 k  0.3876077214710 bend   10    9    2      val=   0.92310
        0.4289737281291 bend    8    9    2
        0.4285148129009 bend    8   10    2
       -0.4080372483533 bend    1    9    2
       -0.4081529094594 bend    1   10    2
       -0.3860487746537 bend    1    8    2
  15 k  0.6922958819991 bend   10    9    2      val=   0.95679
       -0.3148285771206 bend    8    9    2
       -0.3154369530656 bend    8   10    2
        0.2217800536488 bend    1    9    2
        0.2212806823077 bend    1   10    2
       -0.4732413495004 bend    1    8    2
  16 k  0.0005783874325 bend   10    9    2      val=   0.00551
       -0.6186489557255 bend    8    9    2
        0.6185950329257 bend    8   10    2
       -0.3425144709149 bend    1    9    2
        0.3424866051775 bend    1   10    2
       -0.0002877067313 bend    1    8    2
  17 k  0.4657386389997 bend   10    9    2      val=   0.89779
       -0.2291117474833 bend    8    9    2
       -0.2296851607128 bend    8   10    2
       -0.3376219687993 bend    1    9    2
       -0.3368725985379 bend    1   10    2
        0.6710948612488 bend    1    8    2
  18 k -0.0002566957046 bend   10    9    2      val=   0.00604
        0.3425982500876 bend    8    9    2
       -0.3424027709643 bend    8   10    2
       -0.6183271738878 bend    1    9    2
        0.6189168168029 bend    1   10    2
       -0.0004421432485 bend    1    8    2
  19 k  1.0000000000000 tors   13    3    1    2 val=  60.00885
        1.0000000000000 tors   13    3    1    4
        1.0000000000000 tors   12    3    1    2
        1.0000000000000 tors   12    3    1    4
        1.0000000000000 tors   11    3    1    2
        1.0000000000000 tors   11    3    1    4
  20 k  1.0000000000000 stre    3   13           val=   2.05741
  21 k  1.0000000000000 stre    3   12           val=   2.05744
  22 k  1.0000000000000 stre    3   11           val=   2.07996
  23 k  0.3874574252874 bend   12   13    3      val=   0.92350
        0.4289557411277 bend   11   13    3
        0.4286824067545 bend   11   12    3
       -0.4080964849722 bend    1   13    3
       -0.4081671999742 bend    1   12    3
       -0.3859558338735 bend    1   11    3
  24 k  0.6923787031227 bend   12   13    3      val=   0.95765
       -0.3148794005892 bend   11   13    3
       -0.3151812526809 bend   11   12    3
        0.2215839545364 bend    1   13    3
        0.2213312812982 bend    1   12    3
       -0.4733249280527 bend    1   11    3
  25 k  0.0003042812378 bend   12   13    3      val=   0.00311
       -0.6186160802963 bend   11   13    3
        0.6186206644177 bend   11   12    3
       -0.3425253311322 bend    1   13    3
        0.3424892706993 bend    1   12    3
       -0.0001521699370 bend    1   11    3
  26 k  0.4657482803564 bend   12   13    3      val=   0.89300
       -0.2292678199809 bend   11   13    3
       -0.2295402558936 bend   11   12    3
       -0.3374311672486 bend    1   13    3
       -0.3370871676102 bend    1   12    3
        0.6710726680415 bend    1   11    3
  27 k -0.0001166393817 bend   12   13    3      val=   0.00385
        0.3425483732624 bend   11   13    3
       -0.3424662222736 bend   11   12    3
       -0.6184739839228 bend    1   13    3
        0.6187627779567 bend    1   12    3
       -0.0002019855652 bend    1   11    3
  28 k  1.0000000000000 stre    1    4           val=   2.74371
  29 k  1.0000000000000 stre    1    2           val=   2.74377
  30 k  1.0000000000000 stre    1    3           val=   2.74380
  31 k -0.7594756784012 bend    2    4    1      val=   0.00709
        0.6393331430525 bend    3    4    1
        0.1202074295197 bend    3    2    1
  32 k -0.2996877278564 bend    2    4    1      val=   0.00924
       -0.5078556391271 bend    3    4    1
        0.8076322898319 bend    3    2    1
  33 k  0.5773941112354 bend    2    4    1      val= 110.46126
        0.5773523897946 bend    3    4    1
        0.5773043030405 bend    3    2    1
        33 non zero eigenvalues  of BmBt
           1           4.703114193    1    0
         1
           2           4.702901608    2    0
         2
           3           3.491265524    3    0
         3
           4           3.491236143    4    0
         4
           5           3.479910483    5    0
         5
           6           3.251828394    6    0
         6
           7           3.251763678    7    0
         7
           8           3.145451661    8    0
         8
           9           3.081529060    9    0
         9
          10           1.717634387   10    0
        10
          11           1.717574358   11    0
        11
          12           1.195522763   12    0
        12
          13           0.875963406   13    0
        13
          14           0.875961783   14    0
        14
          15           0.872490702   15    0
        15
          16           0.717237254   16    0
        16
          17           0.717232752   17    0
        17
          18           0.697519362   18    0
        18
          19           0.697350468   19    0
        19
          20           0.697331507   20    0
        20
          21           0.696736829   21    0
        21
          22           0.550538768   22    0
        22
          23           0.489994974   23    0
        23
          24           0.489978554   24    0
        24
          25           0.353728879   25    0
        25
          26           0.329946940   26    0
        26
          27           0.329943648   27    0
        27
          28           0.303674828   28    0
        28
          29           0.303666354   29    0
        29
          30           0.226653046   30    0
        30
          31           0.057308702   31    0
        31
          32           0.057307251   32    0
        32
          33           0.053628391   33    0
        33
$user-defined bonds
$end
