$coord
   -0.06570351185880      0.55668536591915      0.10806883227714       h
   -0.03215239757837      0.49503343255844      2.15627249147851       c
    2.27001649258615      0.54012928062715      3.43938096814397       c
    2.31123180504851      0.47093151397055      6.07217445846121       c
    0.05281763376483      0.35689104506828      7.42277671116282       c
   -2.24813712625658      0.31112873594593      6.14229337401101       c
   -2.29209560485769      0.38033570178934      3.50904380962996       c
    4.02645304335253      0.62857302733481      2.38819955675597       h
    4.10060616325834      0.50318415774083      7.06897338032991       h
    0.08611610110992      0.30011609612433      9.47033004379226       h
   -4.00425804929506      0.21961035946663      7.19318643208840       h
   -4.08184358649043      0.34713176799404      2.51216200248334       h
$end
