$coord
   -0.46905924701741      0.27885392568812     -4.44954547697521      c
   -0.81423013313076      0.50451323992461     -7.78777113432522      cl
   -2.07343740657982     -0.74478913982360     -3.69444900737349      h
    1.26909908646563     -0.72102744752868     -4.03709844135636      h
   -0.40211254291729      2.17042377554449     -3.66929898620107      h
$redundant
     number_of_atoms             5
     degrees_of_freedom          9
     internal_coordinates        9
     frozen_coordinates          0
# definitions of redundant internals
   1 k  1.0000000000000 stre    1    4           val=   2.04721
   2 k  1.0000000000000 stre    1    5           val=   2.04727
   3 k  1.0000000000000 stre    1    3           val=   2.04745
   4 k  1.0000000000000 stre    1    2           val=   3.36360
   5 k -0.4018063002830 bend    5    4    1      val=   0.92364
       -0.4014935834807 bend    3    4    1
       -0.4016698669031 bend    3    5    1
        0.4148330661514 bend    2    4    1
        0.4147117255082 bend    2    5    1
        0.4146608607672 bend    2    3    1
   6 k -0.1443255644500 bend    5    4    1      val=   0.00690
       -0.5592587196208 bend    3    4    1
        0.7034904160805 bend    3    5    1
       -0.3200075863519 bend    2    4    1
        0.2545220442711 bend    2    5    1
        0.0656865596176 bend    2    3    1
   7 k -0.7290954357030 bend    5    4    1      val=   0.01192
        0.4896779712542 bend    3    4    1
        0.2397415271248 bend    3    5    1
       -0.1088870165971 bend    2    4    1
       -0.2225182294657 bend    2    5    1
        0.3313436063203 bend    2    3    1
   8 k  0.1568986534670 bend    5    4    1      val=  -0.00002
       -0.3377595409107 bend    3    4    1
        0.1808131834226 bend    3    5    1
        0.3972690558009 bend    2    4    1
       -0.7426115298580 bend    2    5    1
        0.3454175889986 bend    2    3    1
   9 k -0.2990646345014 bend    5    4    1      val=   0.02212
        0.0135613673047 bend    3    4    1
        0.2857353759490 bend    3    5    1
        0.6280954990724 bend    2    4    1
        0.0300353965994 bend    2    5    1
       -0.6582747508714 bend    2    3    1
         9 non zero eigenvalues  of BmBt
           1           3.317181836    1    0
         1
           2           3.111850617    2    0
         2
           3           3.111682423    3    0
         3
           4           1.000000000    4    0
         4
           5           0.722141820    5    0
         5
           6           0.722036522    6    0
         6
           7           0.696901073    7    0
         7
           8           0.458995402    8    0
         8
           9           0.458880498    9    0
         9
$user-defined bonds
$end
