$basis
*
c def2-QZVP
# c     (15s8p3d2f1g) / [7s4p3d2f1g]     {8211111/5111/111/11/1}
*
   8  s
  67025.071029      0.38736308501E-04
  10039.986538      0.30107917575E-03
  2284.9316911      0.15787918095E-02
  647.14122130      0.66087087195E-02
  211.09472335      0.23367123250E-01
  76.177643862      0.70420716898E-01
  29.633839163      0.17360344953
  12.187785081      0.32292305648
   2  s
  53.026006299      0.74897404492E-01
  15.258502776      0.76136220983
   1  s
  5.2403957464       1.0000000000
   1  s
  2.2905022379       1.0000000000
   1  s
 0.69673283006       1.0000000000
   1  s
 0.27599337363       1.0000000000
   1  s
 0.10739884389       1.0000000000
   5  p
  105.12555082      0.84647553844E-03
  24.884461066      0.66274038534E-02
  7.8637230826      0.30120390419E-01
  2.8407001835      0.99951435476E-01
  1.1227137335      0.23826299282
   1  p
 0.46050725555       1.0000000000
   1  p
 0.18937530913       1.0000000000
   1  p
 0.75983791611E-01   1.0000000000
   1  d
  1.8480000000       1.0000000000
   1  d
 0.64900000000       1.0000000000
   1  d
 0.22800000000       1.0000000000
   1  f
  1.4190000000       1.0000000000
   1  f
 0.48500000000       1.0000000000
   1  g
  1.0110000000       1.0000000000
*
cl def2-QZVP
# cl    (20s14p4d2f1g) / [9s6p4d2f1g]     {*31111111/821111/1111/11/1}
*
  10  s
  1467459.0095      0.11478257194E-04
  219756.16433      0.89234299775E-04
  50010.770301      0.46911086186E-03
  14164.823918      0.19762446133E-02
  4620.7465525      0.71419937783E-02
  1667.8991635      0.22753219445E-01
  650.29199265      0.63959782953E-01
  269.38037376      0.15331059238
  117.06752106      0.28986952417
  52.811766843      0.36348071452
   3  s
  461.42769988      0.18019457578E-01
  142.12665355      0.16489442314
  54.437838768      0.63891587584
   1  s
  24.160770219       1.0000000000
   1  s
  9.7083540306       1.0000000000
   1  s
  4.5640696733       1.0000000000
   1  s
  2.1194744832       1.0000000000
   1  s
 0.75722365394       1.0000000000
   1  s
 0.33747224597       1.0000000000
   1  s
 0.13860775149       1.0000000000
   8  p
  2501.9457890      0.24242618410E-03
  592.88059285      0.21079961749E-02
  192.18089186      0.11432693869E-01
  72.875710488      0.44956698060E-01
  30.436358370      0.13197476145
  13.490178902      0.27493639225
  6.1478071413      0.38347236372
  2.8450944820      0.28871943885
   2  p
  105.39397936     -0.34311760144E-01
  6.7369738513      0.64060818902
   1  p
  1.2421095772       1.0000000000
   1  p
 0.55669714254       1.0000000000
   1  p
 0.23387801464       1.0000000000
   1  p
 0.93164490890E-01   1.0000000000
   1  d
  5.1910000000       1.0000000000
   1  d
  1.2760000000       1.0000000000
   1  d
 0.58300000000       1.0000000000
   1  d
 0.24300000000       1.0000000000
   1  f
 0.42300000000       1.0000000000
   1  f
  1.0890000000       1.0000000000
   1  g
 0.82700000000       1.0000000000
*
f def2-QZVP
# f     (15s8p3d2f1g) / [7s4p3d2f1g]     {8211111/5111/111/11/1}
*
   8  s
  132535.97345      0.47387482743E-04
  19758.112588      0.37070120897E-03
  4485.1996947      0.19450784713E-02
  1273.8151020      0.80573291994E-02
  418.93831236      0.27992880781E-01
  152.55721985      0.82735120175E-01
  59.821524823      0.19854169012
  24.819076932      0.34860632233
   2  s
  100.74446673      0.10505068816
  30.103728290      0.94068472434
   1  s
  10.814283272       1.0000000000
   1  s
  4.8172886770       1.0000000000
   1  s
  1.6559334213       1.0000000000
   1  s
 0.64893519582       1.0000000000
   1  s
 0.24778104545       1.0000000000
   5  p
  240.96654114      0.30389933451E-02
  57.020699781      0.24357738582E-01
  18.126952120      0.11442925768
  6.6457404621      0.37064659853
  2.6375722892      0.79791551766
   1  p
  1.0638217200       1.0000000000
   1  p
 0.41932562750       1.0000000000
   1  p
 0.15747588299       1.0000000000
   1  d
  5.0140000000       1.0000000000
   1  d
  1.7250000000       1.0000000000
   1  d
 0.58600000000       1.0000000000
   1  f
  3.5620000000       1.0000000000
   1  f
  1.1480000000       1.0000000000
   1  g
  2.3760000000       1.0000000000
*
$end
