$basis
*
c cc-pVTZ
# c     (18s5p2d1f) / [4s3p2d1f]     {8811/311/11/1}
*
   8  s
  8236.0000000      0.53100000000E-03
  1235.0000000      0.41080000000E-02
  280.80000000      0.21087000000E-01
  79.270000000      0.81853000000E-01
  25.590000000      0.23481700000
  8.9970000000      0.43440100000
  3.3190000000      0.34612900000
 0.36430000000     -0.89830000000E-02
   8  s
  8236.0000000     -0.11300000000E-03
  1235.0000000     -0.87800000000E-03
  280.80000000     -0.45400000000E-02
  79.270000000     -0.18133000000E-01
  25.590000000     -0.55760000000E-01
  8.9970000000     -0.12689500000
  3.3190000000     -0.17035200000
 0.36430000000      0.59868400000
   1  s
 0.90590000000       1.0000000000
   1  s
 0.12850000000       1.0000000000
   3  p
  18.710000000      0.14031000000E-01
  4.1330000000      0.86866000000E-01
  1.2000000000      0.29021600000
   1  p
 0.38270000000       1.0000000000
   1  p
 0.12090000000       1.0000000000
   1  d
  1.0970000000       1.0000000000
   1  d
 0.31800000000       1.0000000000
   1  f
 0.76100000000       1.0000000000
*
f cc-pVTZ
# f     (18s5p2d1f) / [4s3p2d1f]     {8811/311/11/1}
*
   8  s
  19500.000000      0.50700000000E-03
  2923.0000000      0.39230000000E-02
  664.50000000      0.20200000000E-01
  187.50000000      0.79010000000E-01
  60.620000000      0.23043900000
  21.420000000      0.43287200000
  7.9500000000      0.34996400000
 0.88150000000     -0.78920000000E-02
   8  s
  19500.000000     -0.11700000000E-03
  2923.0000000     -0.91200000000E-03
  664.50000000     -0.47170000000E-02
  187.50000000     -0.19086000000E-01
  60.620000000     -0.59655000000E-01
  21.420000000     -0.14001000000
  7.9500000000     -0.17678200000
 0.88150000000      0.60504300000
   1  s
  2.2570000000       1.0000000000
   1  s
 0.30410000000       1.0000000000
   3  p
  43.880000000      0.16665000000E-01
  9.9260000000      0.10447200000
  2.9300000000      0.31726000000
   1  p
 0.91320000000       1.0000000000
   1  p
 0.26720000000       1.0000000000
   1  d
  3.1070000000       1.0000000000
   1  d
 0.85500000000       1.0000000000
   1  f
  1.9170000000       1.0000000000
*
i cc-pVTZ-PP
# i     (21s20p9d1f) / [5s4p3d1f]     {99111/9911/711/1}
*
   9  s
  5546.5000000      0.15600000000E-03
  838.21400000      0.98600000000E-03
  182.18700000      0.27920000000E-02
  31.212300000     -0.43251000000E-01
  19.531400000      0.23413400000
  8.2409900000     -0.75094300000
  2.1945500000      0.88296800000
  1.1091100000      0.46206100000
 0.81061000000E-01  0.11020000000E-02
   9  s
  5546.5000000     -0.73000000000E-04
  838.21400000     -0.50800000000E-03
  182.18700000     -0.11580000000E-02
  31.212300000      0.12193000000E-01
  19.531400000     -0.87854000000E-01
  8.2409900000      0.33820000000
  2.1945500000     -0.57655000000
  1.1091100000     -0.40929800000
 0.81061000000E-01  0.14323100000
   1  s
 0.37464100000       1.0000000000
   1  s
 0.17708000000       1.0000000000
   1  s
 0.10010000000       1.0000000000
   9  p
  188.98800000      0.58500000000E-03
  21.286800000      0.36923000000E-01
  10.039600000     -0.23532400000
  3.4518000000      0.34148300000
  1.9745600000      0.53478800000
  1.0242000000      0.26514100000
 0.44943700000      0.25787000000E-01
 0.18664800000      0.52200000000E-03
 0.73481000000E-01  0.60600000000E-03
   9  p
  188.98800000     -0.25600000000E-03
  21.286800000     -0.11682000000E-01
  10.039600000      0.83192000000E-01
  3.4518000000     -0.15697000000
  1.9745600000     -0.22451800000
  1.0242000000     -0.11445100000
 0.44943700000      0.37535600000
 0.18664800000      0.57513600000
 0.73481000000E-01  0.24591700000
   1  p
 0.59810000000       1.0000000000
   1  p
 0.96180000000E-01   1.0000000000
   7  d
  132.66200000      0.57200000000E-03
  37.605400000      0.44020000000E-02
  10.389100000     -0.40922000000E-01
  6.4901700000      0.99661000000E-01
  3.4545100000      0.32266300000
  1.8441300000      0.40034300000
 0.96247800000      0.26830600000
   1  d
 0.47285300000       1.0000000000
   1  d
 0.19320000000       1.0000000000
   1  f
 0.40640000000       1.0000000000
*
$ecp
*
i defpp-ecp
*
  ncore =    28           lmax =     4
#        coefficient   r^n          exponent
g
           0.0000000    2           1.0000000
s-g
          49.9896490    2          40.0333760
         281.0065560    2          17.3005760
          61.4167390    2           8.8517200
p-g
          67.4162390    2          15.7201410
         134.8076960    2          15.2082220
          14.5665480    2           8.2941860
          28.9684220    2           7.7539490
d-g
          35.5387560    2          13.8177510
          53.3397590    2          13.5878050
           9.7164660    2           6.9476300
          14.9775000    2           6.9600990
f-g
         -20.1766180    2          18.5229500
         -26.0880770    2          18.2510350
          -0.2204340    2           7.5579010
          -0.2216460    2           7.5974040
*
$end
