$basis
*
c def2-SVP
# c     (7s4p1d) / [3s2p1d]     {511/31/1}
*
   5  s
  1238.4016938      0.54568832082E-02
  186.29004992      0.40638409211E-01
  42.251176346      0.18025593888
  11.676557932      0.46315121755
  3.5930506482      0.44087173314
   1  s
 0.40245147363       1.0000000000
   1  s
 0.13090182668       1.0000000000
   3  p
  9.4680970621      0.38387871728E-01
  2.0103545142      0.21117025112
 0.54771004707      0.51328172114
   1  p
 0.15268613795       1.0000000000
   1  d
 0.80000000000       1.0000000000
*
i def2-SVP
# i     (10s7p6d) / [4s4p2d]     {6211/4111/51}
*
   6  s
  445.90489176      0.20037290389E-02
  23.336842412     -0.14989397324
  19.583446104      0.36436474913
  8.5112089186     -0.75538138199
  2.1996161861      0.82816359356
  1.0668970454      0.42161048110
   2  s
  11.720547572     -0.16160234511E-01
  1.7625986449      0.35271525193
   1  s
 0.28697476318       1.0000000000
   1  s
 0.11227609607       1.0000000000
   4  p
  20.499027254      0.77159335656E-01
  10.558754576     -0.38370372780
  1.5015895485      0.83554174719
 0.64597173095      0.16787259488
   1  p
  3.0288656771       1.0000000000
   1  p
 0.34506591841       1.0000000000
   1  p
 0.11134513813       1.0000000000
   5  d
  51.235354920      0.40345130346E-02
  15.616239482     -0.50768108881E-02
  4.5266002139      0.29151065356
  2.0529808766      0.51145783605
 0.87640281623      0.31232025297
   1  d
 0.30900000000       1.0000000000
*
h def2-SVP
# h     (4s1p) / [2s1p]     {31/1}
*
   3  s
  13.010701000      0.19682158000E-01
  1.9622572000      0.13796524000
 0.44453796000      0.47831935000
   1  s
 0.12194962000       1.0000000000
   1  p
 0.80000000000       1.0000000000
*
$ecp
*
i def2-ecp
*
  ncore =    28           lmax =     3
#        coefficient   r^n          exponent
f
         -21.8420400    2          19.4586090
         -28.4681910    2          19.3492600
          -0.2437130    2           4.8237670
          -0.3208040    2           4.8843150
s-f
          49.9942930    2          40.0158350
         281.0253170    2          17.4297470
          61.5733260    2           9.0054840
          21.8420400    2          19.4586090
          28.4681910    2          19.3492600
           0.2437130    2           4.8237670
           0.3208040    2           4.8843150
p-f
          67.4428410    2          15.3554660
         134.8811370    2          14.9718330
          14.6750510    2           8.9601640
          29.3756660    2           8.2590960
          21.8420400    2          19.4586090
          28.4681910    2          19.3492600
           0.2437130    2           4.8237670
           0.3208040    2           4.8843150
d-f
          35.4395290    2          15.0689080
          53.1760570    2          14.5553220
           9.0671950    2           6.7186470
          13.2069370    2           6.4563930
           0.0893350    2           1.1917790
           0.0523800    2           1.2911570
          21.8420400    2          19.4586090
          28.4681910    2          19.3492600
           0.2437130    2           4.8237670
           0.3208040    2           4.8843150
*
$end
