$basis
*
br def2-QZVP
# br    (24s20p10d2f1g) / [11s7p4d2f1g]     {(11)4111111111/*511111/7111/11/1}
*
  11  s
  10629044.264      0.59322104325E-05
  1591918.2739      0.46118980689E-04
  362333.98437      0.24244612378E-03
  102643.11141      0.10231422748E-02
  33489.846668      0.37121984175E-02
  12091.247190      0.11978107933E-01
  4716.1908789      0.34682692842E-01
  1956.1598080      0.89068331264E-01
  853.08595848      0.19330124567
  387.96633666      0.32071144956
  182.85156613      0.32996797574
   4  s
  3240.4086421      0.65905194070E-02
  1000.4631935      0.68439609656E-01
  383.37301682      0.34495478668
  166.03929698      0.82315542085
   1  s
  87.919906994       1.0000000000
   1  s
  35.675840068       1.0000000000
   1  s
  17.543657842       1.0000000000
   1  s
  8.4473660433       1.0000000000
   1  s
  3.9666180616       1.0000000000
   1  s
  1.8356815987       1.0000000000
   1  s
 0.59084778776       1.0000000000
   1  s
 0.28863218421       1.0000000000
   1  s
 0.12153380537       1.0000000000
  10  p
  26566.476579      0.62073657410E-04
  6290.5088566      0.55131636217E-03
  2043.3178410      0.31680110980E-02
  781.67221007      0.13816597290E-01
  331.51078945      0.48018539681E-01
  151.09198667      0.13162015183
  72.395278166      0.26860052203
  35.869510844      0.36827391093
  18.139906191      0.27108612944
  9.0466688944      0.76215338633E-01
   5  p
  253.71822146     -0.13729169381E-02
  97.250818058     -0.10393811185E-01
  42.034897960     -0.32204214612E-01
  9.9685673555      0.24224770086
  4.9395854745      0.53557868398
   1  p
  2.4382845475       1.0000000000
   1  p
  1.1800000000       1.0000000000
   1  p
 0.51047564965       1.0000000000
   1  p
 0.21215851928       1.0000000000
   1  p
 0.83943604990E-01   1.0000000000
   7  d
  601.44434484      0.62783723765E-03
  180.85718640      0.57205157153E-02
  69.986806340      0.29002521527E-01
  30.324710300      0.96446989766E-01
  14.027909238      0.22065825870
  6.6511702082      0.33657642375
  3.1354168338      0.34872040582
   1  d
  1.4393591843      0.20984536473
   1  d
 0.59350441438       1.0000000000
   1  d
 0.23000000000       1.0000000000
   1  f
 0.34070000000       1.0000000000
   1  f
 0.82570000000       1.0000000000
   1  g
 0.64910000000       1.0000000000
*
h def2-QZVP
# h     (7s3p2d1f) / [4s3p2d1f]     {4111/111/11/1}
*
   4  s
  190.69169000      0.70815167000E-03
  28.605532000      0.54678827000E-02
  6.5095943000      0.27966605000E-01
  1.8412455000      0.10764538000
   1  s
 0.59853725000       1.0000000000
   1  s
 0.21397624000       1.0000000000
   1  s
 0.80316286000E-01   1.0000000000
   1  p
  2.2920000000       1.0000000000
   1  p
 0.83800000000       1.0000000000
   1  p
 0.29200000000       1.0000000000
   1  d
  2.0620000000       1.0000000000
   1  d
 0.66200000000       1.0000000000
   1  f
  1.3970000000       1.0000000000
*
$end
