$basis
*
f def2-QZVP
# f     (15s8p3d2f1g) / [7s4p3d2f1g]     {8211111/5111/111/11/1}
*
   8  s
  132535.97345      0.47387482743E-04
  19758.112588      0.37070120897E-03
  4485.1996947      0.19450784713E-02
  1273.8151020      0.80573291994E-02
  418.93831236      0.27992880781E-01
  152.55721985      0.82735120175E-01
  59.821524823      0.19854169012
  24.819076932      0.34860632233
   2  s
  100.74446673      0.10505068816
  30.103728290      0.94068472434
   1  s
  10.814283272       1.0000000000
   1  s
  4.8172886770       1.0000000000
   1  s
  1.6559334213       1.0000000000
   1  s
 0.64893519582       1.0000000000
   1  s
 0.24778104545       1.0000000000
   5  p
  240.96654114      0.30389933451E-02
  57.020699781      0.24357738582E-01
  18.126952120      0.11442925768
  6.6457404621      0.37064659853
  2.6375722892      0.79791551766
   1  p
  1.0638217200       1.0000000000
   1  p
 0.41932562750       1.0000000000
   1  p
 0.15747588299       1.0000000000
   1  d
  5.0140000000       1.0000000000
   1  d
  1.7250000000       1.0000000000
   1  d
 0.58600000000       1.0000000000
   1  f
  3.5620000000       1.0000000000
   1  f
  1.1480000000       1.0000000000
   1  g
  2.3760000000       1.0000000000
*
$end
