$coord
    0.01456626225558      0.40492509790991      0.09888092334782      h
    0.01962598129967      0.37884067141547      2.14227777122263      c
    2.30145605523158      0.46519130454601      3.45523585354684      c
    2.30783895673446      0.42175527663913      6.08813777823931      c
    0.03307789284168      0.29183865535610      7.40872067307339      c
   -2.24838635278761      0.20481688598946      6.09667869029416      c
   -2.25561623521243      0.24835255537588      3.46337139855920      c
    4.06678791351232      0.55714613973186      2.42983815086457      h
    4.07870707385712      0.48222856891351      7.10647301689377      h
    0.03868115570310      0.25185809939759      9.45197139409552      h
   -4.01326242991209      0.09567522028188      7.12116408422207      h
   -4.02539051459869      0.17176080058735      2.44437657745422      h
   -0.07118067140564     -6.22678634210224      3.35093796031923      br
    0.17180336099932     -9.86932595966434      3.53184483507878      c
    0.04199013041247    -10.61780553809395      1.63124050315782      h
    1.97359391343170    -10.35070487747289      4.37521977405085      h
   -1.37165089164370    -10.55903651611951      4.68572358134408      h
$user-defined bonds
$end
