$coord
    0.07512478117855     -0.03894023337646     -3.22635699777994      c
   -0.06099414426030      0.02087544932147     -5.27222066580273      h
   -1.56211787957117     -1.00778521134910     -2.45918748176524      h
    1.78514676684027     -1.03829019481770     -2.68949583220371      h
    0.13143557747947      1.87402854072718     -2.48796789549579      h
$redundant
     number_of_atoms             5
     degrees_of_freedom          9
     internal_coordinates        9
     frozen_coordinates          0
# definitions of redundant internals
   1 k  1.0000000000000 stre    1    2           val=   2.05126
   2 k  1.0000000000000 stre    1    3           val=   2.05129
   3 k  1.0000000000000 stre    1    5           val=   2.05130
   4 k  1.0000000000000 stre    1    4           val=   2.05210
   5 k  0.4710771035577 bend    3    2    1      val=   0.10112
        0.4595317241114 bend    5    2    1
        0.2616731252619 bend    5    3    1
       -0.2593462278560 bend    4    2    1
       -0.4586135301895 bend    4    3    1
       -0.4699545686325 bend    4    5    1
   6 k -0.4879998164713 bend    3    2    1      val=   0.00597
        0.5090212519051 bend    5    2    1
       -0.0154526725463 bend    5    3    1
        0.0156931942170 bend    4    2    1
       -0.5115438174313 bend    4    3    1
        0.4905011780283 bend    4    5    1
   7 k -0.1974353269258 bend    3    2    1      val=   0.01533
       -0.1692327058759 bend    5    2    1
        0.6561358699672 bend    5    3    1
       -0.6582318116805 bend    4    2    1
        0.1705380849503 bend    4    3    1
        0.1987786375830 bend    4    5    1
   8 k  0.2893733270549 bend    3    2    1      val=   0.32358
        0.2903209346386 bend    5    2    1
       -0.5779942858092 bend    5    3    1
       -0.5757859284398 bend    4    2    1
        0.2888089950630 bend    4    3    1
        0.2880266776760 bend    4    5    1
   9 k  0.5014343490228 bend    3    2    1      val=   0.00097
       -0.5010722106708 bend    5    2    1
       -0.0004994781703 bend    5    3    1
       -0.0004976419871 bend    4    2    1
       -0.4984225201305 bend    4    3    1
        0.4990638512398 bend    4    5    1
         9 non zero eigenvalues  of BmBt
           1           3.379869323    1    0
         1
           2           3.367786142    2    0
         2
           3           3.365102788    3    0
         3
           4           1.000000000    4    0
         4
           5           0.713981440    5    0
         5
           6           0.711741729    6    0
         6
           7           0.706280060    7    0
         7
           8           0.704919004    8    0
         8
           9           0.703368688    9    0
         9
$user-defined bonds
$end
