$basis
*
s cc-pVQZ
# s     (42s19p3d2f1g) / [6s5p3d2f1g]     {(13)(13)(13)111/88111/111/11/1}
*
  13  s
  727800.00000      0.23600000000E-04
  109000.00000      0.18348000000E-03
  24800.000000      0.96428000000E-03
  7014.0000000      0.40653700000E-02
  2278.0000000      0.14697300000E-01
  814.70000000      0.46508100000E-01
  313.40000000      0.12550800000
  127.70000000      0.26843300000
  54.480000000      0.38480900000
  23.850000000      0.26537200000
  9.4280000000      0.43732600000E-01
  4.2900000000     -0.37880700000E-02
  1.9090000000      0.21808300000E-02
  13  s
  727800.00000     -0.65200000000E-05
  109000.00000     -0.50660000000E-04
  24800.000000     -0.26683000000E-03
  7014.0000000     -0.11260100000E-02
  2278.0000000     -0.41118600000E-02
  814.70000000     -0.13245400000E-01
  313.40000000     -0.37700400000E-01
  127.70000000     -0.89855400000E-01
  54.480000000     -0.16709800000
  23.850000000     -0.16935400000
  9.4280000000      0.12782400000
  4.2900000000      0.56486200000
  1.9090000000      0.43176700000
  13  s
  727800.00000      0.18900000000E-05
  109000.00000      0.14690000000E-04
  24800.000000      0.77550000000E-04
  7014.0000000      0.32651000000E-03
  2278.0000000      0.11968600000E-02
  814.70000000      0.38479900000E-02
  313.40000000      0.11053900000E-01
  127.70000000      0.26464500000E-01
  54.480000000      0.50877100000E-01
  23.850000000      0.53003000000E-01
  9.4280000000     -0.42551800000E-01
  4.2900000000     -0.25085300000
  1.9090000000     -0.33315200000
   1  s
 0.62700000000       1.0000000000
   1  s
 0.28730000000       1.0000000000
   1  s
 0.11720000000       1.0000000000
   8  p
  1546.0000000      0.44118000000E-03
  366.40000000      0.37757100000E-02
  118.40000000      0.19836000000E-01
  44.530000000      0.74206300000E-01
  18.380000000      0.19732700000
  7.9650000000      0.35185100000
  3.5410000000      0.37868700000
  1.5910000000      0.17093100000
   8  p
  1546.0000000     -0.11311000000E-03
  366.40000000     -0.95858000000E-03
  118.40000000     -0.51347100000E-02
  44.530000000     -0.19264100000E-01
  18.380000000     -0.53598000000E-01
  7.9650000000     -0.96033300000E-01
  3.5410000000     -0.11818300000
  1.5910000000      0.92319400000E-02
   1  p
 0.62050000000       1.0000000000
   1  p
 0.24200000000       1.0000000000
   1  p
 0.90140000000E-01   1.0000000000
   1  d
 0.20300000000       1.0000000000
   1  d
 0.50400000000       1.0000000000
   1  d
  1.2500000000       1.0000000000
   1  f
 0.33500000000       1.0000000000
   1  f
 0.86900000000       1.0000000000
   1  g
 0.68300000000       1.0000000000
*
h cc-pVQZ
# h     (6s3p2d1f) / [4s3p2d1f]     {3111/111/11/1}
*
   3  s
  82.640000000      0.20060000000E-02
  12.410000000      0.15343000000E-01
  2.8240000000      0.75579000000E-01
   1  s
 0.79770000000       1.0000000000
   1  s
 0.25810000000       1.0000000000
   1  s
 0.89890000000E-01   1.0000000000
   1  p
  2.2920000000       1.0000000000
   1  p
 0.83800000000       1.0000000000
   1  p
 0.29200000000       1.0000000000
   1  d
  2.0620000000       1.0000000000
   1  d
 0.66200000000       1.0000000000
   1  f
  1.3970000000       1.0000000000
*
c cc-pVQZ
# c     (21s6p3d2f1g) / [5s4p3d2f1g]     {99111/3111/111/11/1}
*
   9  s
  33980.000000      0.91000000000E-04
  5089.0000000      0.70400000000E-03
  1157.0000000      0.36930000000E-02
  326.60000000      0.15360000000E-01
  106.10000000      0.52929000000E-01
  38.110000000      0.14704300000
  14.750000000      0.30563100000
  6.0350000000      0.39934500000
  2.5300000000      0.21705100000
   9  s
  33980.000000     -0.19000000000E-04
  5089.0000000     -0.15100000000E-03
  1157.0000000     -0.78500000000E-03
  326.60000000     -0.33240000000E-02
  106.10000000     -0.11512000000E-01
  38.110000000     -0.34160000000E-01
  14.750000000     -0.77173000000E-01
  6.0350000000     -0.14149300000
  2.5300000000     -0.11801900000
   1  s
 0.73550000000       1.0000000000
   1  s
 0.29050000000       1.0000000000
   1  s
 0.11110000000       1.0000000000
   3  p
  34.510000000      0.53780000000E-02
  7.9150000000      0.36132000000E-01
  2.3680000000      0.14249300000
   1  p
 0.81320000000       1.0000000000
   1  p
 0.28900000000       1.0000000000
   1  p
 0.10070000000       1.0000000000
   1  d
  1.8480000000       1.0000000000
   1  d
 0.64900000000       1.0000000000
   1  d
 0.22800000000       1.0000000000
   1  f
  1.4190000000       1.0000000000
   1  f
 0.48500000000       1.0000000000
   1  g
  1.0110000000       1.0000000000
*
$end
