$coord
   -0.82395814279640     -0.00000284025838      1.95663621031385       c
    1.11448905286649     -0.00002497084112      3.73882327107727       c
    3.63252097935558     -0.00001171819175      2.97007422558467       c
    4.21081255547125     -0.00004152106259      0.40169742299823       c
    2.28862301388028     -0.00001210369588     -1.39868756247486       c
   -2.77646505962495     -0.00000368496596      2.55533418871728       h
    0.64836709788428     -0.00001592094267      5.72894984097637       h
    5.13002862544542      0.00002173562998      4.35966039457202       h
    6.16100116005943     -0.00005017978773     -0.21080182250712       h
    2.74144045595885     -0.00001910135175     -3.39014132294189       h
   -0.22752836298603      0.00004180452151     -0.61146990979104       c
   -3.13358942350968      0.00041801308977     -3.28438175678612       i
$end
