$basis
*
c cc-pVQZ
# c     (21s6p3d2f1g) / [5s4p3d2f1g]     {99111/3111/111/11/1}
*
   9  s
  33980.000000      0.91000000000E-04
  5089.0000000      0.70400000000E-03
  1157.0000000      0.36930000000E-02
  326.60000000      0.15360000000E-01
  106.10000000      0.52929000000E-01
  38.110000000      0.14704300000
  14.750000000      0.30563100000
  6.0350000000      0.39934500000
  2.5300000000      0.21705100000
   9  s
  33980.000000     -0.19000000000E-04
  5089.0000000     -0.15100000000E-03
  1157.0000000     -0.78500000000E-03
  326.60000000     -0.33240000000E-02
  106.10000000     -0.11512000000E-01
  38.110000000     -0.34160000000E-01
  14.750000000     -0.77173000000E-01
  6.0350000000     -0.14149300000
  2.5300000000     -0.11801900000
   1  s
 0.73550000000       1.0000000000
   1  s
 0.29050000000       1.0000000000
   1  s
 0.11110000000       1.0000000000
   3  p
  34.510000000      0.53780000000E-02
  7.9150000000      0.36132000000E-01
  2.3680000000      0.14249300000
   1  p
 0.81320000000       1.0000000000
   1  p
 0.28900000000       1.0000000000
   1  p
 0.10070000000       1.0000000000
   1  d
  1.8480000000       1.0000000000
   1  d
 0.64900000000       1.0000000000
   1  d
 0.22800000000       1.0000000000
   1  f
  1.4190000000       1.0000000000
   1  f
 0.48500000000       1.0000000000
   1  g
  1.0110000000       1.0000000000
*
f cc-pVQZ
# f     (21s6p3d2f1g) / [5s4p3d2f1g]     {99111/3111/111/11/1}
*
   9  s
  74530.000000      0.95000000000E-04
  11170.000000      0.73800000000E-03
  2543.0000000      0.38580000000E-02
  721.00000000      0.15926000000E-01
  235.90000000      0.54289000000E-01
  85.600000000      0.14951300000
  33.550000000      0.30825200000
  13.930000000      0.39485300000
  5.9150000000      0.21103100000
   9  s
  74530.000000     -0.22000000000E-04
  11170.000000     -0.17200000000E-03
  2543.0000000     -0.89100000000E-03
  721.00000000     -0.37480000000E-02
  235.90000000     -0.12862000000E-01
  85.600000000     -0.38061000000E-01
  33.550000000     -0.86239000000E-01
  13.930000000     -0.15586500000
  5.9150000000     -0.11091400000
   1  s
  1.8430000000       1.0000000000
   1  s
 0.71240000000       1.0000000000
   1  s
 0.26370000000       1.0000000000
   3  p
  80.390000000      0.63470000000E-02
  18.630000000      0.44204000000E-01
  5.6940000000      0.16851400000
   1  p
  1.9530000000       1.0000000000
   1  p
 0.67020000000       1.0000000000
   1  p
 0.21660000000       1.0000000000
   1  d
  5.0140000000       1.0000000000
   1  d
  1.7250000000       1.0000000000
   1  d
 0.58600000000       1.0000000000
   1  f
  3.5620000000       1.0000000000
   1  f
  1.1480000000       1.0000000000
   1  g
  2.3760000000       1.0000000000
*
i cc-pVQZ-PP
# i     (24s18p12d2f1g) / [6s6p4d2f1g]     {**1111/771111/9111/11/1}
*
  10  s
  16900.000000      0.40000000000E-04
  2541.3900000      0.29400000000E-03
  574.41300000      0.12140000000E-02
  150.94500000      0.25960000000E-02
  29.163100000     -0.53623000000E-01
  18.219600000      0.34391700000
  11.336500000     -0.36742700000
  6.9240800000     -0.53890400000
  2.5098100000      0.70956700000
  1.3511300000      0.62806100000
  10  s
  16900.000000      0.19000000000E-04
  2541.3900000      0.14200000000E-03
  574.41300000      0.59200000000E-03
  150.94500000      0.12430000000E-02
  29.163100000     -0.22721000000E-01
  18.219600000      0.15770800000
  11.336500000     -0.20009200000
  6.9240800000     -0.21615200000
  2.5098100000      0.41343900000
  1.3511300000      0.53458500000
   1  s
 0.61637900000       1.0000000000
   1  s
 0.38345500000       1.0000000000
   1  s
 0.18005600000       1.0000000000
   1  s
 0.82327000000E-01   1.0000000000
   7  p
  649.15900000      0.95000000000E-04
  148.08700000      0.62900000000E-03
  20.101800000      0.45324000000E-01
  10.446600000     -0.23023100000
  6.3588300000     -0.49600000000E-02
  3.0484600000      0.51392700000
  1.5595000000      0.50609300000
   7  p
  649.15900000     -0.32000000000E-04
  148.08700000     -0.25300000000E-03
  20.101800000     -0.16098000000E-01
  10.446600000      0.89910000000E-01
  6.3588300000     -0.15655000000E-01
  3.0484600000     -0.20778300000
  1.5595000000     -0.24808100000
   1  p
 0.76891100000       1.0000000000
   1  p
 0.35481400000       1.0000000000
   1  p
 0.15476600000       1.0000000000
   1  p
 0.64699000000E-01   1.0000000000
   9  d
  585.44500000      0.25000000000E-04
  177.46800000      0.23100000000E-03
  69.219300000      0.11730000000E-02
  28.639200000      0.55840000000E-02
  12.715300000     -0.23830000000E-01
  5.4792700000      0.11681400000
  3.3549300000      0.27273100000
  1.9842300000      0.34017400000
  1.1525400000      0.26869900000
   1  d
 0.65101700000       1.0000000000
   1  d
 0.34744500000       1.0000000000
   1  d
 0.15470000000       1.0000000000
   1  f
 0.58650000000       1.0000000000
   1  f
 0.24940000000       1.0000000000
   1  g
 0.47300000000       1.0000000000
*
$ecp
*
i defpp-ecp
*
  ncore =    28           lmax =     4
#        coefficient   r^n          exponent
g
           0.0000000    2           1.0000000
s-g
          49.9896490    2          40.0333760
         281.0065560    2          17.3005760
          61.4167390    2           8.8517200
p-g
          67.4162390    2          15.7201410
         134.8076960    2          15.2082220
          14.5665480    2           8.2941860
          28.9684220    2           7.7539490
d-g
          35.5387560    2          13.8177510
          53.3397590    2          13.5878050
           9.7164660    2           6.9476300
          14.9775000    2           6.9600990
f-g
         -20.1766180    2          18.5229500
         -26.0880770    2          18.2510350
          -0.2204340    2           7.5579010
          -0.2216460    2           7.5974040
*
$end
